011101100
011010000
011010010
001110000
000100101
100101000
101110100
101100001
101010000
001010101
101011000
111010110
111001000
110101011
000100011
111110010
110100111
101110111
101100111
101000111
000000101
000010011
010010001
011110001
101111010
000111111
000111101
001111111
000111010
000011000
000011110
001011100
000001100
010000000
011000011
110001000
011101000
000101101
101001101
101100000
111011000
011001110
010011000
011000100
001000111
001101110
111111110
111010011
110010010
111110000
100110100
000100001
000011000
001010010
000101010
000100001
001110100
001011001
000010101
111010000
111000111
100000100
010010000
110011110
110000000
101010010
101100000
101001101
100111100
010111110
001111100
111111100
001001100
101000100
100000011
101011110
001101110
100110110
100101010
110111100
010010101
011100100
101000110
100101111
101101100
101011100
101101111
001000100
100110100
111100101
011001101
111001000
001111000
000100000
000011010
000111101
011011000
110000000
101110000
010110000
110111100
110001100
101001110
001001100
101011010
111111011
111010100
001000000
001001100
110000100
011100000
011101100
011001001
110000000
110100100
111101000
011111001
011001110
110001011
101011010
001001111
001111011
011001010
011011100
011001010
001000000
011001101
010011000
000111001
000011010
100001100
010101000
011111110
111010111
110100100
110100101
100101001
100101011
100011000
000001101
100101001
100011010
101101000
001101100
001101101
010001100
001001100
011101010
010111011
110110010
011010011
010110001
001010000
101000000
110100001
100110101
100111000
000011100
100111110
100010111
000010011
000111100
101110100
000111101
000011100
000010110
101010010
111110010
111110001
100010100
100110100
101111000
010111010
000110111
100010111
101010011
001001110
011000011
011100111
110100000
111100100
110101001
100000010
000000001
100100000
101100110
111101010
101101111
101110000
001101001
100101001
100011010
101011100
000111101
001101111
101100110
111101000
100001100
011101100
100111100
001001100
101101010
100001000
110010001
010111000
000111011
101001010
000001000
001101110
001111010
001010100
000111101
100011001
100000110
000001010
110011110
010001101
010001000
110001000
010011000
011101001
010110001
000001000
000011000
000111011
100001110
010001110
000001111
001000110
011000110
001110010
001101001
001101011
001001010
101100010
101101010
001101011
100111010
000101000
010100101
101100101
111010100
100110101
101110101
000101100
000011111
010011111
111111111
100010110
100110100
010110101
010000100
011110110
010100101
011110000
101110000
100100011
101101110
001111100
000110101
110111100
110111001
110101101
000101001
000111010
001110000
100111100
110000100
100100000
100010011
100001000
100111010
111001010
110001010
111111010
001111011
111111000
101101000
100110010
101111010
100100010
100000111
110010000
010011010
001000010
001000011
001000110
010011110
110111010
110010111
100010110
100000000
100011101
101010100
101111111
100000110
110111110
110100111
000100010
101101011
111001011
110010010
011110011
101111110
010111010
100101011
100100101
100111101
000001101
101100100
110111100
000111111
010110110
000010111
000010001
001001100
011111100
111100000
100000000
111001001
111111101
111101100
111011111
110010000
110110111
001010110
000010011
111000010
100001110
101011011
111101010
110101101
111101011
111010010
111111111
001101111
101001000
011011100
101000100
101100001
100101010
110110011
110010110
111110011
011011010
000010110
011010000
101110001
111011010
000011011
011001010
011000111
010101010
011001110
110001111
110101000
100011001
000000010
110010010
110010010
110110001
110100101
011100101
111001100
111010000
100000001
100001010
001101110
010101000
001100100
000101010
001110000
001101100
000011110
100111000
110101010
110110100
100010100
000011111
010010101
100011000
111011100
011101101
001101101
001000110
010000111
010110101
000011101
000010100
000011111
100110010
110011010
010001000
010101010
011101100
011100101
000101110
000000110
100010100
100110001
101101000
000111100
011110101
010100001
000100010
000010001
010000000
100010010
010010011
000010110
100010111
001010000
110010001
110100011
110100111
101110110
000010010
101010111
111001111
111011110
111000111
011100111
010010110
110000011
111000001
100010010
100110101
110000100
010000111
111100110
111000110
011000100
111010111
011010111
011010101
001111110
101111111
101001100
111101001
111101011
010100000
110001010
010100110
011011110
110111111
110001110
110101011
000001010
001101111
001101010
111111010
101001011
110000010
011000001
001010011
111010001
100011001
111001000
001101010
101101101
100100001
010111000
000101110
011100100
011110000
011000001
111000010
011101000
000001000
110111000
110110110
101110100
011100000
010101001
001111100
011101100
101001000
110011000
011000000
111110100
100111110
110111101
000011100
000100100
100100101
001000101
011001101
001011110
100000110
110001011
111111011
100111010
101101001
100111101
011111100
011000100
011111100
110011110
110001110
100011011
010001010
000000011
110000100
110000011
010101010
010101011
001100000
010010000
011110110
001110110
001101101
000111010
000000000
010001100
010001111
011001110
010000101
000101100
100100000
111110100
010111000
111111100
111111110
111111001
010111101
000010110
100011101
100101000
101000001
001001110
101001001
001101001
001011110
101010101
010010110
110000111
100000001
111101000
010100100
110111100
110111001
010110000
110100000
111001010
011000001
001001010
000010010
100000011
101010111
001010001
001100011
011111010
110101011
110110011
110000111
110110111
110010001
110111000
101111101
001101101
101101010
101011000
001111011
000010011
001110111
001110011
001101110
000000111
000111110
000001111
110011110
111000110
100101110
100101000
000000010
001110011
011111001
011011001
010101000
010010100
100110100
100011010
000011001
100110000
100111011
100010111
100000011
110011011
101110010
101100100
101111001
100010001
110011001
111001011
011111110
011100110
001000111
111000110
011011010
010010011
000110010
001100110
000111100
011110101
110100100
110110001
110100000
101100010
001010110
001100110
100101100
000100111
001010010
101111000
111011100
011001110
101000100
111110110
111001100
001001101
000101010
011111110
010010111
110110100
100100111
101110110
011110011
101110100
101111111
001111011
011111100
011110110
000110000
010000010
110101011
010100000
110000101
110001010
110011101
100111010
011111110
111001010
101101010
110011010
000011000
000001111
001011111
010111010
010011000
110000010
010110010
110110001
010111101
010100000
010010010
100000010
101100100
101000011
001011000
100011010
111001010
100011000
100110010
000110101
110100110
100100100
010110110
001100111
010000111
001000010
001000000
000000011
010101000
011000010
101110010
000100011
010101000
110111011
111011011
011011111
010010111
010011100
111111000
011101100
001011100
000111001
000110111
100011100
011011000
000111100
100111111
101000110
000101110
010100100
011010101
111000101
101001000
100101100
110111100
101110100
001111010
010111010
010011100
001101100
000011100
001111110
001111110
001111101
001111101
101110100
101110100
100010110
100010011
100010010
000001000
100011011
000110011
100111110
010111101
000111110
000110000
101000000
100010000
100011110
000010000
000101100
011001000
111011110
110001111
101101110
111101011
011100111
011110001
010100110
010001101
000010110
000110110
001110111
000100101
000100010
110101110
010101100
001101010
010101111
011100101
001010110
100001110
101011101
101110111
101111111
111110011
000110000
011010001
010001010
100000011
110000111
110110000
110100111
100101110
101011010
110011000
111111110
101100110
101100101
001000001
000101001
101100000
100000001
100110011
100000010
010010011
011011100
000011010
010000010
110110000
110000100
010001111
110001010
110000011
010001110
110001110
001001100
011011101
101011000
100101000
111111010
001111100
101111110
111101000
110010000
100110100
000111010
101110011
011100010
001000001
101010010
111110000
011111100
010010110
011001100
011000000
001001001
101001000
111101001
010011000
111001000
111101010
011100111
011010011
111111000
110101110
011100010
110000011
010010100
000011111
010001011
110111011
110110000
100110000
001000000
011010011
101110000
100110000
101010101
100111000
010111101
100011110
000000100
101011100
111111101
101101000
110001001
111001001
001011001
001111110
100111010
101011111
001110100
001010001
010010101
111110101
110101110
011100110
100100010
100100001
000101011
000100110
100100000
000001000
110011000
111100000
111111000
111001000
011001000
110001101
100010110
111110100
100011100
110011001
010011010
010101001
100001100
100001101
000000001
011000000
010100001
010000001
010101011
001111000
010011010
110111000
011110001
110110001
100101100
010110100
000010000
100110001
010110000
010001010
010001010
010010000
000000101
010011101
110010100
110110100
110011100
010111111
010000100
111000111
010011110
000100110
100110011
100110100
110000100
100000101
110010101
111000110
010000000
011101000
010111101
100110101
000101000
110101001
110110110
010101111
010100000
110110011
110101110
101001110
011101111
010111011
100110010
101101110
011101101
111000100
101010101
100101100
101100101
001010100
101000111
011100010
010101000
001001000
111101010
011111111
010101011
100001000
001011000
001000100
010000101
110100010
100101010
110111001
010111101
000100000
100101000
010000000
110110010
010110010
010010011
011100010
011001001
001000110
100001110
100110110
010110000
011101000
001011000
000111010
100100110
101111110
110111010
110101110
110101110
110000100
001000101
111100101
011001100
001000100
000001101
010001011
010100110
010111111
010010100
110010111
110001101
110101010
111000010
111100100
010110101
000111000
010011011
000001010
101001010
110000110
111010101
111000011
111001101
101011001
100111100
000011010
000010001
010100100
001101100
111110100
011010100
000000101
001001101
111010100
001010010
000010110
010100010
100100000
111100100
101101001
000111100
110110110
110111011
000110011
000100001
