00000011101100110
00000010000110100
00000010011100010
00000110110110010
00000010010111010
00000001001111100
00000101000110100
00000101101011000
00000111010111110
00000001000010100
00000101110111010
00000111100100100
00000110001000100
00000001001100010
00000011100111110
00000101111101100
00000101101111000
00000001111011110
00000011110000010
00000110000111000
00000000000011100
00000100001100000
00000001111001010
00000110000001100
00000010000001000
00000111101100010
00000000111010010
00000110100101010
00000100110110000
00000011101100010
00000100111010010
00000100011000100
00000110111000010
00000101111111110
00000110001011010
00000100100111110
00000100010011010
00000011101111000
00000001100001010
00000001000101010
00000111011110010
00000110101101000
00000111111010110
00000110100000010
00000110010000010
00000001001000110
00000001111110000
00000000101010010
00000101100000100
00000110011001110
00000100101111100
00000011111011110
00000111000100110
00000010100010010
00000111110101010
00000111001101110
00000100110111000
00000101011101110
00000101011010100
00000111001010100
00000001101101000
00000010110110100
00000101110010010
00000000001000100
00000100110100000
00000011011001100
00000011110010000
00000011110000010
00000000000001100
00000111100001010
00000101100110000
00000000101110000
00000010110001100
00000111101100010
11111010101100011
11111101100101011
11111001011111101
11111100010101111
11111011111110111
11111001001111011
11111100011111001
11111010010110011
11111000011111101
11111010110100001
00000010010000010
11111010011000111
11111000101010101
11111010001001111
11111001111011001
11111110101001001
11111011001101011
11111101111101101
00000100101001100
00000011100011000
00000001101100000
00000110010101000
00000011111110000
00000101001101000
00000100010110100
00000110101101100
00000101010001100
00000011111001010
00000101011100010
00000101101101000
00000001101101100
00000010010100010
00000100010011000
00000111010110100
00000001011011000
00000110010110100
00000100111001010
00000000101000000
00000001011110110
00000001011001110
00000000000111010
00000001111101110
00000010011110110
00000000011110100
00000111010111000
00000001000011100
00000000010111010
00000010011111100
00000010000011110
00000000101010010
11111010101000011
11111110100010001
00000100100011100
00000100010101100
00000001001111000
00000111101000110
00000001101000010
00000111001000100
00000101110000000
00000111111111100
00000010000101100
00000011111101010
00000010010001010
00000110001100100
00000110110101110
00000000110110100
00000111011100000
00000111001000100
00000110011111100
00000100100001100
00000011101101000
00000111100010010
00000101011010110
00000000010000110
00000011101011100
00000011100010100
00000100101000000
00000100001101110
00000001111010010
00000010101110000
00000010111001110
00000000001100000
00000010111001110
00000110111001010
00000000100110000
00000100010011000
00000100010111010
00000001110000010
00000000000110010
00000110001010000
00000011101000110
00000111111000000
00000100011011000
00000011001110010
00000110010111100
00000010100010010
00000011011000110
00000011010111000
00000101010011100
00000100010100100
00000101101010010
00000101111010100
00000011001010100
00000001010001010
00000101111000010
00000011000000000
00000000010001010
00000110011010100
00000100101010000
00000010011110110
00000101011010110
00000110001011100
00000000110111010
00000011011100110
00000111011100100
00000111011110000
00000100011001010
00000001111010110
00000000111010010
00000110001001110
00000101100001010
00000001000001110
00000011010000100
00000010011101110
00000100101110000
00000101111111010
00000110000101110
00000111001011010
00000001001100110
00000011110110010
00000000101111100
00000011001000010
00000001101001000
00000001110111100
00000001000110100
00000011111101110
00000010011010010
00000000101110000
00000000001110000
00000110101010010
00000000000100000
00000011110111110
00000001011000000
00000100010100100
00000100001101010
00000100100110000
00000011010111110
00000101011101010
00000101010011010
00000101011000010
00000111110011010
00000100101101110
00000101110000000
00000101101111110
00000010011110110
00000100100110010
00000111110111100
00000000100000000
00000000110110000
00000000011111010
00000100001000010
00000100100000100
00000010000101010
00000111110110110
00000100001100000
00000111010100100
00000111101010010
00000010010000100
00000101110100100
00000000000011000
00000100010100100
00000001101110100
00000100010010010
00000111100101010
00000001001101100
11111101001111101
11111011001001011
11111111010010011
11111011110111001
11111000010010001
00000110010011000
00000101100111000
00000010101010110
00000001110011100
00000001101010000
00000111001100000
00000000111001000
00000111001001000
00000100111001010
00000101100011010
00000111001101110
00000010000111110
00000111000010100
00000011011101010
00000010000110010
00000000010101000
00000111000001100
00000110000011110
00000100111001100
00000101011101100
00000101000101010
00000111000010110
00000010110001100
00000011101110100
00000001001110010
00000001001000110
00000101111001010
00000001011111000
00000010000101010
00000111000010010
11111011000110011
00000101000100010
11111101010100011
11111001011100101
11111111010001111
11111111000111011
11111011001100001
11111100101111101
11111000101111011
00000110101111000
00000010001111100
00000111010000000
00000100010011010
00000101100000100
00000110111010000
00000010100000110
00000011100101110
00000000101100100
00000111011000010
00000001010101000
00000000110001110
00000011110001110
00000001000110000
00000100101100110
00000111000011110
00000110001001010
00000100101110000
00000010101111000
00000111100111110
00000000110110000
00000100001010010
00000001010010010
00000010100111110
00000101000000100
00000100110000010
00000011000010100
00000010100001100
00000001010101000
00000110110111100
00000010000011000
00000011100101010
00000000000101110
00000001000001100
00000101111111010
00000010110101100
00000000011001110
00000111101011000
00000001011101110
00000001111100100
00000000110101010
00000001001011010
00000111010111000
11111111010001001
11111011011000011
11111110110000001
11111001111010001
11111101111111011
11111100100011001
11111100100010001
11111101100011111
11111010101001101
11111000011000101
11111010101101101
11111011001110011
11111111100000101
11111101100000111
11111011110111101
11111001111011011
11111100100100011
11111000100110011
11111101101000001
11111111110011001
11111010111111101
11111101100010101
11111110100100111
11111110100000011
11111100111011001
11111000010011001
11111000011100011
11111000110110111
00000010111111110
00000011000010000
00000111110010100
00000101101010100
00000001100000100
00000010000111100
00000110011101110
00000100100100010
00000110100000000
00000001000110100
00000111000011000
00000111101111010
00000000101101000
00000100001111100
00000100101110010
00000111111011110
00000111100000010
00000110100001000
00000001011011100
00000001100101000
00000010111110010
00000001110101100
00000111100101100
00000010111101010
00000010101001010
00000100111100010
00000111111111100
00000100010100100
00000110111100010
00000000110101100
00000001101000010
00000110010110010
00000111100100100
00000100001001010
11111000001101011
11111011001010001
11111001100011001
11111000101101011
11111011101100111
11111100001111011
11111101111001001
11111000100011101
11111111110001101
11111110010010101
11111010100110011
00000000101111010
00000101100010010
00000100011000110
00000011111111100
00000000011111110
00000111000110010
00000111111000110
00000100101111000
00000101000000000
00000011100011010
00000000001110010
00000001101010100
00000001001010100
00000011010100010
00000101111100110
00000100110000110
00000000100111010
00000000111111000
00000011001010110
00000100110110010
00000001000011010
11111001000110011
00000011000110100
00000011111110110
00000100111101110
00000001110001100
00000110110110110
00000011000011000
00000100110011000
00000011110100000
00000101110100100
00000001001111100
00000100001011000
00000010010101100
00000011001110010
00000011011101100
00000000101001100
00000111100111010
00000110011001110
00000101000101110
00000110111110010
00000101101100100
00000001010101110
00000111110110100
00000011011010010
11111010011010001
11111100011110011
11111010001011011
11111111110011111
11111011000000111
11111000010011101
11111011110111111
11111011010101101
11111101111110001
11111010001110101
11111110011100111
11111000101000001
11111000001101001
11111100101000111
11111001011110011
11111100000111001
11111101111101001
11111010101100111
11111001111101011
11111001101101101
11111000101111011
11111010111110111
11111011001111111
11111001001101101
11111100001110101
11111011011100101
11111000110100111
11111100110110011
11111100001101001
11111010110001101
11111110110100101
11111000110011011
11111000011110111
11111110110111111
11111000000011011
11111010111001111
11111100100011001
11111001000110101
11111101111011101
11111111101101011
11111101111010011
11111011101100011
11111000000111001
11111010011101001
11111010001110001
11111001101101111
11111000110010011
00000000011110010
00000100000101000
00000011000101110
00000010100101000
00000101010001110
00000011010010010
00000001011011010
00000111010111010
00000000111101010
00000011101010010
00000110001101100
00000000011100010
11111000001100001
11111000011111001
11111011111001001
11111010101000101
11111101110100101
11111001001011101
00000001000001000
00000011100101110
00000001101001110
00000111010000100
00000001111100010
00000100010100000
00000010001000100
00000001111000010
00000000000101100
00000011001001110
00000011110011100
00000001011011100
00000000101010000
00000110010000110
00000101010011100
00000111001000010
00000011000110110
00000110001001110
00000011010001000
00000011101011100
00000101011000110
11111101001010111
11111101110010111
11111010100011111
11111000101011101
11111101110111011
11111111111111101
11111011110011101
11111110100010111
11111101010000001
11111111000011001
00000011000001010
00000100100101110
00000101011011100
00000011001111110
00000111011001100
00000100110111010
00000111111101010
00000110110000010
00000111111011000
00000110100000010
00000101101100110
00000011100000110
00000010100000110
00000101100011000
00000001010111000
00000011000101000
00000111110010000
00000111110001110
00000001001101000
00000100011010110
00000001001010010
00000111110100110
00000111010111110
00000111110100110
00000001000100110
00000010000111010
00000010001100110
00000100011101110
00000111010100110
00000111100001110
00000111001001010
00000101100110010
00000100000110110
11111100010110111
00000000010110100
00000011001110010
00000001111010110
00000000110010010
00000011011111100
00000011010111010
00000110001001110
00000110010010100
00000111100001010
00000110100010000
00000101101100010
00000001100000100
00000000010010110
00000010111000100
00000011000010100
00000101100111000
00000101000011000
00000011110000000
00000101010111000
00000000000110110
00000010000111010
00000100011011110
00000010011001110
00000111100111010
00000010100000010
00000110101101010
00000111011010100
00000000010111010
00000011101110010
00000110010001010
00000101111111010
11111101111011001
11111011011111111
11111110110011001
11111110000111101
11111000001100011
00000010001100100
00000000111001100
00000001011111110
00000010100011100
00000001100110100
00000011011010100
00000111000011000
00000111100111110
00000111101100000
00000010101111100
00000111111101010
00000010001111000
00000010011011100
00000111001000010
00000110010011110
00000001011001010
00000101000001000
00000001100111010
00000011000010000
00000101010001010
00000010010001110
00000111011011000
00000011100101010
00000101101011000
00000111010100000
00000001000010000
00000011100010010
00000111000100110
00000011001101000
00000110101100000
00000100111110100
00000011010111100
00000001101000000
00000001110100100
11111011110100111
11111010111010111
11111110101000011
11111001000101011
11111111010111111
11111101100100101
11111100001011001
11111001110111011
11111011101011001
11111110010010001
11111011101100001
11111111011010101
11111100110100111
00000100110100100
00000101001011100
00000001110001010
00000010100001000
00000100111101010
00000100000001010
00000010101000010
00000000010110000
00000010001010110
00000110111010000
00000110010101000
00000100011101000
00000001000100000
00000100101000100
00000000001101100
00000010101100110
00000011011001110
00000000110011010
00000100100011100
00000000111100110
00000011010110000
00000011101000010
00000011000001110
00000011001001110
00000011111111010
00000110111010110
00000111010111110
00000000010110110
00000101000011010
00000011001100010
00000000101111100
00000011011101000
00000101001110100
00000000001001010
00000000110100000
00000111001110100
00000101111000010
00000111100101010
00000001010001110
00000001011001000
00000000010110100
00000010111000010
00000100010101000
00000011110000110
00000001010100110
00000100111100000
00000011011111010
00000110101001000
00000011011011110
00000101001101010
00000011111101110
00000011001111010
00000010001010010
00000000010110100
00000100011001000
00000001111001000
00000100101100010
00000111011011010
00000100100010110
00000100110111010
11111000110111001
11111001110100001
11111011010100101
11111101010010101
11111001000110111
00000011010111110
00000000000000100
00000111110110000
00000000111010110
00000000101011010
00000010011100110
00000001001011110
00000111001001100
00000111111010110
00000011011110110
00000011101100010
00000010010001110
00000110100010010
00000000000100110
00000110111010010
00000001010111110
00000100111100100
00000101011011100
00000010100110100
00000001000100000
00000110101110010
00000011011111000
00000000000101000
00000101011111000
11111100001111001
11111100110111001
11111100000111001
11111001011011101
11111101010010011
11111111011101101
00000111001110100
00000100001001100
00000010010010100
00000111000000010
00000111011000110
00000001000111100
00000111011100100
00000010100110000
00000100111011100
00000001011111110
00000000001000000
00000110101010010
00000001111110110
00000000010101000
00000010101110010
00000111101000100
00000111001001110
00000011000110110
00000100000110110
00000110101000000
00000101111111010
00000001111101010
00000100101001000
00000011010111000
00000000011010010
00000000101001000
00000000011010010
00000001100110010
00000011111010010
00000001111110100
00000100110000110
00000101011110110
00000010110010100
00000000110110100
00000000001010010
00000011110111110
00000101011011110
00000010000000110
00000101011100100
00000110001001110
00000101000100100
00000010010101110
00000100011101100
00000011010011110
00000010001101000
00000100000110010
00000010010011000
00000001110101000
00000011100001100
00000001101000000
00000100000000010
00000011110001100
00000111011011100
00000000111101100
00000100100100110
00000001100110000
00000001011010110
00000101011011100
00000110001001100
00000111000110010
00000010001110100
00000111001010000
00000001100101000
00000101110001110
00000111000000110
00000011100000110
00000101000100110
00000100000101010
00000101000111110
00000010011111000
00000110000001110
00000100111000010
00000000111101000
11111000111110001
11111000011000101
11111000011100101
11111100011100001
11111011000001001
11111001101011011
11111101011011111
11111000001000111
11111011000110001
11111111100000101
11111001011001111
11111011111111001
11111100110100101
11111001101001001
11111101011000101
11111100110110111
11111010111011111
11111011000011011
11111111000011111
00000100010011110
00000110001001110
00000001101010000
00000000010100010
00000111011001010
00000110101000000
00000010100111000
00000001010000100
00000110010010010
00000111001001100
00000011111110000
00000110011010000
00000001001000000
00000111001110010
00000001111100100
00000100101101100
00000100111001100
00000100010010010
00000011110000100
00000100110110110
00000110101000110
00000010111011110
00000000111000010
00000100110011010
00000101011100000
00000000000000010
00000110011110000
00000101101110100
00000100010010010
00000000001000010
00000101010110110
11111100010110011
11111000111000101
11111001000111101
11111000011110001
11111110100111001
11111000101000011
11111111100000101
11111101011001111
11111110010000101
11111010111110011
00000000111110100
00000100000011100
00000100010000100
00000000100111110
00000111011101100
00000011110001100
00000001100011000
00000101000110010
00000110000100100
00000001011101100
00000110011011110
00000000111101100
00000110101101000
00000101110111000
00000011110111110
00000001000101010
00000101111101010
00000111000011000
00000001010111100
00000100001110000
00000101100111100
00000011011110010
00000101100111000
00000100101110100
00000001000110110
00000001100110000
00000110110011110
00000111010001100
00000111100101000
00000001101000000
00000101100000100
00000000110101110
00000000000010010
00000101100100010
00000100110011110
00000001100011100
00000001100011010
11111001100010011
11111001001001001
11111111101001011
11111000000001111
11111001100011001
11111110010001001
11111100010100011
11111100101110101
11111000000000111
11111001010001011
11111111110100011
11111101111111111
11111001010001101
11111000000010011
11111111111010011
11111001000010011
11111101100100011
11111111100011011
11111110110101011
11111100111011101
11111010101100101
11111101101010101
11111001110011101
11111100000010101
11111010111000111
11111010111111001
11111110011001111
11111101001101101
11111001000101001
11111100000000011
11111001001110101
11111000111100001
11111101110000001
11111111010000001
11111100110101101
11111101000100011
11111000001001111
11111010011011111
11111010110101101
11111111100110111
11111010000111011
11111110011101111
11111111110101111
11111110011010011
11111101111111011
11111100001011111
11111010010110011
11111011110110101
11111010100111101
11111110001010111
11111010111110101
11111010011001111
11111101011111111
11111101000010101
11111000101110011
11111001100110101
11111101100001011
11111101111000001
11111101010010001
11111001001011011
11111101000001111
11111100011110111
11111001101101011
11111010100000111
11111110001101011
11111000001101111
11111010111001101
11111000101100101
