00000000011101100
00000000011010000
00000000011010010
00000000001110000
00000000111011010
00000000100101000
00000000101110100
00000000010011110
00000000101010000
00000000110101010
00000000101011000
00000000111010110
00000000111001000
00000000001010100
00000000111011100
00000000111110010
00000000001011000
00000000010001000
00000000010011000
00000000010111000
00000000111111010
00000000111101100
00000000101101110
00000000100001110
00000000101111010
00000000111000000
00000000111000010
00000000110000000
00000000000111010
00000000000011000
00000000000011110
00000000001011100
00000000000001100
00000000010000000
00000000100111100
00000000110001000
00000000011101000
00000000111010010
00000000010110010
00000000101100000
00000000111011000
00000000011001110
00000000010011000
00000000011000100
00000000110111000
00000000001101110
00000000111111110
00000000000101100
00000000110010010
00000000111110000
00000000100110100
00000000111011110
00000000000011000
00000000001010010
00000000000101010
00000000111011110
00000000001110100
00000000110100110
00000000111101010
00000000111010000
00000000000111000
00000000100000100
00000000010010000
00000000110011110
00000000110000000
00000000101010010
00000000101100000
00000000010110010
00000000100111100
00000000010111110
00000000001111100
00000000111111100
00000000001001100
00000000101000100
00000000011111100
00000000101011110
00000000001101110
00000000100110110
00000000100101010
00000000110111100
00000000101101010
00000000011100100
00000000101000110
00000000011010000
00000000101101100
00000000101011100
00000000010010000
00000000001000100
00000000100110100
00000000000011010
00000000100110010
00000000111001000
00000000001111000
00000000000100000
00000000000011010
00000000111000010
00000000011011000
00000000110000000
00000000101110000
00000000010110000
00000000110111100
00000000110001100
00000000101001110
00000000001001100
00000000101011010
00000000000000100
00000000111010100
00000000001000000
00000000001001100
00000000110000100
00000000011100000
00000000011101100
00000000100110110
00000000110000000
00000000110100100
00000000111101000
00000000100000110
00000000011001110
00000000001110100
00000000101011010
00000000110110000
00000000110000100
00000000011001010
00000000011011100
00000000011001010
00000000001000000
00000000100110010
00000000010011000
00000000111000110
00000000000011010
00000000100001100
00000000010101000
00000000011111110
00000000000101000
00000000110100100
00000000001011010
00000000011010110
00000000011010100
00000000100011000
00000000111110010
00000000011010110
00000000100011010
00000000101101000
00000000001101100
00000000110010010
00000000010001100
00000000001001100
00000000011101010
00000000101000100
00000000110110010
00000000100101100
00000000101001110
00000000001010000
00000000101000000
00000000001011110
00000000011001010
00000000100111000
00000000000011100
00000000100111110
00000000011101000
00000000111101100
00000000000111100
00000000101110100
00000000111000010
00000000000011100
00000000000010110
00000000101010010
00000000111110010
00000000000001110
00000000100010100
00000000100110100
00000000101111000
00000000010111010
00000000111001000
00000000011101000
00000000010101100
00000000001001110
00000000100111100
00000000100011000
00000000110100000
00000000111100100
00000000001010110
00000000100000010
00000000111111110
00000000100100000
00000000101100110
00000000111101010
00000000010010000
00000000101110000
00000000110010110
00000000011010110
00000000100011010
00000000101011100
00000000111000010
00000000110010000
00000000101100110
00000000111101000
00000000100001100
00000000011101100
00000000100111100
00000000001001100
00000000101101010
00000000100001000
00000000001101110
00000000010111000
00000000111000100
00000000101001010
00000000000001000
00000000001101110
00000000001111010
00000000001010100
00000000111000010
00000000011100110
00000000100000110
00000000000001010
00000000110011110
00000000101110010
00000000010001000
00000000110001000
00000000010011000
00000000100010110
00000000101001110
00000000000001000
00000000000011000
00000000111000100
00000000100001110
00000000010001110
00000000111110000
00000000001000110
00000000011000110
00000000001110010
00000000110010110
00000000110010100
00000000001001010
00000000101100010
00000000101101010
00000000110010100
00000000100111010
00000000000101000
00000000101011010
00000000010011010
00000000111010100
00000000011001010
00000000010001010
00000000000101100
00000000111100000
00000000101100000
00000000000000000
00000000100010110
00000000100110100
00000000101001010
00000000010000100
00000000011110110
00000000101011010
00000000011110000
00000000101110000
00000000011011100
00000000101101110
00000000001111100
00000000111001010
00000000110111100
00000000001000110
00000000001010010
00000000111010110
00000000000111010
00000000001110000
00000000100111100
00000000110000100
00000000100100000
00000000011101100
00000000100001000
00000000100111010
00000000111001010
00000000110001010
00000000111111010
00000000110000100
00000000111111000
00000000101101000
00000000100110010
00000000101111010
00000000100100010
00000000011111000
00000000110010000
00000000010011010
00000000001000010
00000000110111100
00000000001000110
00000000010011110
00000000110111010
00000000001101000
00000000100010110
00000000100000000
00000000011100010
00000000101010100
00000000010000000
00000000100000110
00000000110111110
00000000001011000
00000000000100010
00000000010010100
00000000000110100
00000000110010010
00000000100001100
00000000101111110
00000000010111010
00000000011010100
00000000011011010
00000000011000010
00000000111110010
00000000101100100
00000000110111100
00000000111000000
00000000010110110
00000000111101000
00000000111101110
00000000001001100
00000000011111100
00000000111100000
00000000100000000
00000000000110110
00000000000000010
00000000111101100
00000000000100000
00000000110010000
00000000001001000
00000000001010110
00000000111101100
00000000111000010
00000000100001110
00000000010100100
00000000111101010
00000000001010010
00000000000010100
00000000111010010
00000000000000000
00000000110010000
00000000101001000
00000000011011100
00000000101000100
00000000010011110
00000000100101010
00000000001001100
00000000110010110
00000000000001100
00000000011011010
00000000000010110
00000000011010000
00000000010001110
00000000111011010
00000000111100100
00000000011001010
00000000100111000
00000000010101010
00000000011001110
00000000001110000
00000000110101000
00000000011100110
00000000000000010
00000000110010010
00000000110010010
00000000001001110
00000000001011010
00000000100011010
00000000111001100
00000000111010000
00000000011111110
00000000100001010
00000000001101110
00000000010101000
00000000001100100
00000000000101010
00000000001110000
00000000001101100
00000000000011110
00000000100111000
00000000110101010
00000000110110100
00000000100010100
00000000111100000
00000000101101010
00000000100011000
00000000111011100
00000000100010010
00000000110010010
00000000001000110
00000000101111000
00000000101001010
00000000111100010
00000000000010100
00000000111100000
00000000100110010
00000000110011010
00000000010001000
00000000010101010
00000000011101100
00000000100011010
00000000000101110
00000000000000110
00000000100010100
00000000011001110
00000000101101000
00000000000111100
00000000100001010
00000000101011110
00000000000100010
00000000111101110
00000000010000000
00000000100010010
00000000101101100
00000000000010110
00000000011101000
00000000001010000
00000000001101110
00000000001011100
00000000001011000
00000000101110110
00000000000010010
00000000010101000
00000000000110000
00000000111011110
00000000000111000
00000000100011000
00000000010010110
00000000001111100
00000000000111110
00000000100010010
00000000011001010
00000000110000100
00000000101111000
00000000111100110
00000000111000110
00000000011000100
00000000000101000
00000000100101000
00000000100101010
00000000001111110
00000000010000000
00000000101001100
00000000000010110
00000000000010100
00000000010100000
00000000110001010
00000000010100110
00000000011011110
00000000001000000
00000000110001110
00000000001010100
00000000000001010
00000000110010000
00000000001101010
00000000111111010
00000000010110100
00000000110000010
00000000100111110
00000000110101100
00000000000101110
00000000011100110
00000000111001000
00000000001101010
00000000010010010
00000000011011110
00000000010111000
00000000000101110
00000000011100100
00000000011110000
00000000100111110
00000000111000010
00000000011101000
00000000000001000
00000000110111000
00000000110110110
00000000101110100
00000000011100000
00000000101010110
00000000001111100
00000000011101100
00000000101001000
00000000110011000
00000000011000000
00000000111110100
00000000100111110
00000000001000010
00000000000011100
00000000000100100
00000000011011010
00000000110111010
00000000100110010
00000000001011110
00000000100000110
00000000001110100
00000000000000100
00000000100111010
00000000010010110
00000000011000010
00000000011111100
00000000011000100
00000000011111100
00000000110011110
00000000110001110
00000000011100100
00000000010001010
00000000111111100
00000000110000100
00000000001111100
00000000010101010
00000000101010100
00000000001100000
00000000010010000
00000000011110110
00000000001110110
00000000110010010
00000000000111010
00000000000000000
00000000010001100
00000000101110000
00000000011001110
00000000101111010
00000000000101100
00000000100100000
00000000111110100
00000000010111000
00000000111111100
00000000111111110
00000000000000110
00000000101000010
00000000000010110
00000000011100010
00000000100101000
00000000010111110
00000000001001110
00000000010110110
00000000110010110
00000000001011110
00000000010101010
00000000010010110
00000000001111000
00000000011111110
00000000111101000
00000000010100100
00000000110111100
00000000001000110
00000000010110000
00000000110100000
00000000111001010
00000000100111110
00000000001001010
00000000000010010
00000000011111100
00000000010101000
00000000110101110
00000000110011100
00000000011111010
00000000001010100
00000000001001100
00000000001111000
00000000001001000
00000000001101110
00000000110111000
00000000010000010
00000000110010010
00000000101101010
00000000101011000
00000000110000100
00000000111101100
00000000110001000
00000000110001100
00000000001101110
00000000111111000
00000000000111110
00000000111110000
00000000110011110
00000000111000110
00000000100101110
00000000100101000
00000000000000010
00000000110001100
00000000100000110
00000000100100110
00000000010101000
00000000010010100
00000000100110100
00000000100011010
00000000111100110
00000000100110000
00000000011000100
00000000011101000
00000000011111100
00000000001100100
00000000101110010
00000000101100100
00000000010000110
00000000011101110
00000000001100110
00000000000110100
00000000011111110
00000000011100110
00000000110111000
00000000111000110
00000000011011010
00000000101101100
00000000000110010
00000000001100110
00000000000111100
00000000100001010
00000000110100100
00000000001001110
00000000110100000
00000000101100010
00000000001010110
00000000001100110
00000000100101100
00000000111011000
00000000001010010
00000000101111000
00000000111011100
00000000011001110
00000000101000100
00000000111110110
00000000111001100
00000000110110010
00000000000101010
00000000011111110
00000000101101000
00000000110110100
00000000011011000
00000000101110110
00000000100001100
00000000101110100
00000000010000000
00000000110000100
00000000011111100
00000000011110110
00000000000110000
00000000010000010
00000000001010100
00000000010100000
00000000001111010
00000000110001010
00000000001100010
00000000100111010
00000000011111110
00000000111001010
00000000101101010
00000000110011010
00000000000011000
00000000111110000
00000000110100000
00000000010111010
00000000010011000
00000000110000010
00000000010110010
00000000001001110
00000000101000010
00000000010100000
00000000010010010
00000000100000010
00000000101100100
00000000010111100
00000000001011000
00000000100011010
00000000111001010
00000000100011000
00000000100110010
00000000111001010
00000000110100110
00000000100100100
00000000010110110
00000000110011000
00000000101111000
00000000001000010
00000000001000000
00000000111111100
00000000010101000
00000000011000010
00000000101110010
00000000111011100
00000000010101000
00000000001000100
00000000000100100
00000000100100000
00000000101101000
00000000010011100
00000000111111000
00000000011101100
00000000001011100
00000000111000110
00000000111001000
00000000100011100
00000000011011000
00000000000111100
00000000011000000
00000000101000110
00000000000101110
00000000010100100
00000000100101010
00000000000111010
00000000101001000
00000000100101100
00000000110111100
00000000101110100
00000000001111010
00000000010111010
00000000010011100
00000000001101100
00000000000011100
00000000001111110
00000000001111110
00000000110000010
00000000110000010
00000000101110100
00000000101110100
00000000100010110
00000000011101100
00000000100010010
00000000000001000
00000000011100100
00000000111001100
00000000100111110
00000000101000010
00000000000111110
00000000000110000
00000000101000000
00000000100010000
00000000100011110
00000000000010000
00000000000101100
00000000011001000
00000000111011110
00000000001110000
00000000101101110
00000000000010100
00000000100011000
00000000100001110
00000000010100110
00000000101110010
00000000000010110
00000000000110110
00000000110001000
00000000111011010
00000000000100010
00000000110101110
00000000010101100
00000000001101010
00000000101010000
00000000100011010
00000000001010110
00000000100001110
00000000010100010
00000000010001000
00000000010000000
00000000000001100
00000000000110000
00000000100101110
00000000010001010
00000000011111100
00000000001111000
00000000110110000
00000000001011000
00000000100101110
00000000101011010
00000000110011000
00000000111111110
00000000101100110
00000000010011010
00000000110111110
00000000111010110
00000000101100000
00000000011111110
00000000011001100
00000000100000010
00000000101101100
00000000011011100
00000000000011010
00000000010000010
00000000110110000
00000000110000100
00000000101110000
00000000110001010
00000000001111100
00000000010001110
00000000110001110
00000000001001100
00000000100100010
00000000101011000
00000000100101000
00000000111111010
00000000001111100
00000000101111110
00000000111101000
00000000110010000
00000000100110100
00000000000111010
00000000010001100
00000000011100010
00000000110111110
00000000101010010
00000000111110000
00000000011111100
00000000010010110
00000000011001100
00000000011000000
00000000110110110
00000000101001000
00000000000010110
00000000010011000
00000000111001000
00000000111101010
00000000100011000
00000000100101100
00000000111111000
00000000110101110
00000000011100010
00000000001111100
00000000010010100
00000000111100000
00000000101110100
00000000001000100
00000000110110000
00000000100110000
00000000001000000
00000000100101100
00000000101110000
00000000100110000
00000000010101010
00000000100111000
00000000101000010
00000000100011110
00000000000000100
00000000101011100
00000000000000010
00000000101101000
00000000001110110
00000000000110110
00000000110100110
00000000001111110
00000000100111010
00000000010100000
00000000001110100
00000000110101110
00000000101101010
00000000000001010
00000000110101110
00000000011100110
00000000100100010
00000000011011110
00000000111010100
00000000000100110
00000000100100000
00000000000001000
00000000110011000
00000000111100000
00000000111111000
00000000111001000
00000000011001000
00000000001110010
00000000100010110
00000000111110100
00000000100011100
00000000001100110
00000000010011010
00000000101010110
00000000100001100
00000000011110010
00000000111111110
00000000011000000
00000000101011110
00000000101111110
00000000101010100
00000000001111000
00000000010011010
00000000110111000
00000000100001110
00000000001001110
00000000100101100
00000000010110100
00000000000010000
00000000011001110
00000000010110000
00000000010001010
00000000010001010
00000000010010000
00000000111111010
00000000101100010
00000000110010100
00000000110110100
00000000110011100
00000000101000000
00000000010000100
00000000000111000
00000000010011110
00000000000100110
00000000011001100
00000000100110100
00000000110000100
00000000011111010
00000000001101010
00000000111000110
00000000010000000
00000000011101000
00000000101000010
00000000011001010
00000000000101000
00000000001010110
00000000110110110
00000000101010000
00000000010100000
00000000001001100
00000000110101110
00000000101001110
00000000100010000
00000000101000100
00000000100110010
00000000101101110
00000000100010010
00000000111000100
00000000010101010
00000000100101100
00000000010011010
00000000001010100
00000000010111000
00000000011100010
00000000010101000
00000000001001000
00000000111101010
00000000100000000
00000000101010100
00000000100001000
00000000001011000
00000000001000100
00000000101111010
00000000110100010
00000000100101010
00000000001000110
00000000101000010
00000000000100000
00000000100101000
00000000010000000
00000000110110010
00000000010110010
00000000101101100
00000000011100010
00000000100110110
00000000001000110
00000000100001110
00000000100110110
00000000010110000
00000000011101000
00000000001011000
00000000000111010
00000000100100110
00000000101111110
00000000110111010
00000000110101110
00000000110101110
00000000110000100
00000000110111010
00000000000011010
00000000011001100
00000000001000100
00000000111110010
00000000101110100
00000000010100110
00000000101000000
00000000010010100
00000000001101000
00000000001110010
00000000110101010
00000000111000010
00000000111100100
00000000101001010
00000000000111000
00000000101100100
00000000000001010
00000000101001010
00000000110000110
00000000000101010
00000000000111100
00000000000110010
00000000010100110
00000000100111100
00000000000011010
00000000111101110
00000000010100100
00000000001101100
00000000111110100
00000000011010100
00000000111111010
00000000110110010
00000000111010100
00000000001010010
00000000000010110
00000000010100010
00000000100100000
00000000111100100
00000000010010110
00000000000111100
00000000110110110
00000000001000100
00000000111001100
00000000111011110
