000111010
110110011
110111101
110101101
000011100
000011100
001101100
000101000
001011100
001001000
001111100
001010000
001101010
111001011
110011001
110101001
110001101
000000100
001010110
001011100
001111100
000100100
001100010
000001000
000100110
000001010
001100110
001111010
001111010
001010110
000111100
000001110
001011110
000111100
000000110
001000010
001100000
000000010
001101000
000011000
000000110
001100100
001110000
111110011
111011111
111101101
110001001
000001000
000111010
000011100
001001010
000110010
001011000
000011100
110011101
110110001
111011001
111110011
111101001
000111000
000011010
001111110
001111000
000101100
001100100
000111110
110111011
111001011
110001001
110011111
110011111
110101101
111110101
000111100
001111000
001110100
001101000
001111110
000101110
110101111
000001110
000010000
000010010
000010000
110011001
001111000
111111011
001010010
001011000
000001010
001001100
000111100
000101110
001100110
001110110
001111100
111101101
110101011
111101101
001111100
001010110
001100110
000111100
000110110
110110101
111000101
001110100
001101010
000111000
001010100
000011010
001010000
001011010
001010100
001110010
000010000
000010000
001010010
001010000
000011010
001001100
000111100
000100000
001111000
000001000
000000000
110010001
110111101
000110110
000011000
000000100
001110000
000101100
000011010
001110110
111110011
001010010
001100100
000110100
110100101
000000000
001011100
001010000
001000000
000010010
001011000
000010010
001100000
000111010
001010010
001011110
111111111
110010111
001011110
111011011
111111001
111001101
110011001
110101011
110100101
001101100
000011000
000010010
001001010
111001001
001001100
000101000
001000000
001001100
000101000
001100110
001000110
000000110
000110000
000110010
000101000
000111110
001100010
000100110
000100100
000010110
000101100
110100101
110101011
110111001
111100001
110110101
110101001
110111001
111001001
111011111
110010011
110011011
111010111
111001111
001001100
111000101
111001011
111101001
111001101
001001010
001010100
000111000
001010000
001010000
000000100
110000101
110110101
110110001
000000000
001110100
000111110
000111010
000011110
000110000
000111100
001011100
001011100
000001000
000011100
000000100
001110100
001001110
001110010
000000010
001110000
001010100
000110100
001011110
000001010
001101110
001001000
000111010
000001010
000110000
110110001
110110001
001010000
001100110
000100000
001111000
001000100
001011100
111111101
001111110
001110010
111111011
110011001
110000101
111010111
001000100
001110000
001100100
001101100
001011100
000011010
001010110
001011100
000001110
000010000
001011000
001111110
000100100
000001100
000111010
001010010
001110000
001001100
001011010
000110000
000100000
001101110
000101110
000011100
000010100
110110101
111111101
111111001
000111000
001111010
111101011
110100011
000001010
001100110
001000000
001100000
000101110
000011110
001011100
000101000
000100110
000001000
000100110
000010000
001011100
001001110
000000010
000000000
001100110
001000100
001000010
001101000
000111110
001110000
000010000
110010011
000011000
001110010
001100100
001111000
001010000
001001010
001011000
111001001
111010001
000010100
001001110
000100010
000100100
110100101
000100110
000111100
110101101
110110101
111011101
111011101
111001001
001100000
001011000
000000000
000000100
000010110
001001100
001010100
111010101
000000100
000111100
001110100
001101010
001110000
001011100
000001100
001110100
001101110
000011110
001011100
000101110
000111100
000010000
001100100
001001110
001010110
000001110
000100110
001000100
000111100
001100000
001010010
000000010
110010011
001000010
000010010
110010001
110110101
110011101
000111110
001101110
000000100
110000001
111101001
111011011
111001101
001011110
000110010
000001010
001111000
001100100
000001000
001101000
001000010
001101110
001000100
111100101
111100001
110010001
111011001
111011011
111101001
001000000
000001110
000001100
001010100
000100000
000010000
000011110
000111110
000010110
000000010
000001010
000010100
000001100
001011000
001001100
000001100
001011110
001101010
001101010
110101011
111001001
111010011
111110001
001110010
001011000
001011010
001110110
001000000
000101100
001111110
000100110
001101110
111101101
001001110
001110110
001100000
001000000
000000010
001011000
000000010
001111010
001000010
000000110
000010000
000010010
000000100
001011110
001101100
001110000
000110000
000111010
000100100
110000101
000100100
001001000
000010100
001110100
000100000
000000110
000010000
001010010
111110011
001110100
001000100
000100110
001110010
000101000
001001100
001100100
001100000
000110010
001011010
111111011
110010011
001000010
000001110
001110110
000111110
000010010
001001010
001001110
000001010
000101010
001001110
000011100
000011010
000100010
001100110
000000000
000111000
110110001
000010010
000010010
110011011
110010011
000011010
001110010
001011100
001000010
001111110
001000010
000100110
000111010
000101000
000011000
001000010
000101000
001110000
000011010
001000000
001111100
000111000
001101010
000111010
110101011
111101011
001111000
111101001
000101100
000011000
110001001
110101111
001001110
000010010
000010000
001110110
001100100
001001010
001111000
000100000
110101001
001100000
001001100
000111000
001101010
000001000
000101010
000101110
000110100
000011010
000001010
001100000
111100011
111101011
111001101
110001001
000100000
000111100
110111101
000110100
001111000
000100010
001111010
001101000
000000100
000010010
001011010
001000000
001011010
001101000
111101011
111111001
000111000
001011100
000010110
000010110
001011000
000010010
000101010
000000010
001000110
001011110
000001110
000010000
001100010
000010110
000011110
001000010
110000011
000010010
000110010
000111000
000010100
001111000
001111000
001111100
000011010
110111011
000001010
000010010
000100100
000101010
000011110
110010111
000000100
001001100
000000100
001100000
001010010
000100000
001100010
000101010
000011010
001011110
000010000
000011000
000111000
001010100
000000010
000111000
001000000
001101010
001111110
000101010
110101001
111111101
110110001
110000101
111001111
000101110
000111000
001111100
000100000
001101010
000100100
000101100
001111010
000111000
000001010
001101110
111101101
110001111
001001110
001111100
111110101
110010111
000000010
000011010
110011001
111001001
001011100
001001110
000000100
001010110
000011110
001001110
111001011
001001000
001100110
000001100
000000110
001110100
001001110
001100100
000001000
000011100
000001000
001001100
001101110
000111010
110110011
111011011
110000011
000000110
000011100
001000000
000010100
000111010
000100100
001101100
000001010
110000011
111001111
001001110
001110110
000011110
110011101
110010001
000010010
000001010
001111110
001011000
000010000
001111100
000101010
000110100
001010000
001100000
000100100
000001110
001011000
001110110
001100100
000100010
001101000
000000000
000100010
001010110
001000010
001001110
001011110
111011101
111001011
111011111
001111100
001001010
001100110
001111100
001111110
001100000
111100011
001000010
000000100
001101110
000001100
000101000
000101110
001100100
111000101
111001001
110011011
110011011
001111010
000101010
000100100
001100110
001100010
001111110
001111010
000001010
000010110
000111100
000010000
110010101
110111001
000100000
001110010
000110010
001111000
001001010
000000100
000101110
001110010
000101000
001101010
001111000
001110010
001111010
111101011
110111011
000110000
001111000
000010010
000000110
000111110
000111000
000100000
000111000
001001100
001101010
001010110
000011000
000010110
110010011
110011101
000011000
000110000
110010001
110000001
000000010
110000001
110001111
110011001
110000011
111100011
111010001
110110101
111111111
111110001
111110011
110111111
110001101
111100101
111010111
111011011
001010010
001010100
000011010
001111000
001110010
001000010
001000100
111000101
111110001
001110000
001100100
001011100
000110110
000010010
000000110
000111010
001100110
111100111
111001011
111000001
110010001
111100001
111000111
110001111
110010011
110010011
110010011
111110011
111011001
000011000
000111100
110111101
000111010
000010000
110110001
110010111
000010110
000001000
110101001
000011000
001110010
000110110
110100111
111101011
111001001
110011001
001011100
111001101
110001011
111101001
110001001
110001101
110100101
110110111
111010101
111000001
110001001
111011001
111001011
111001001
111101001
110100011
111110011
110100011
110110111
000000110
000000100
000111110
001001110
001011000
000110000
000100000
000100100
110101101
000100000
111100001
111000111
111010111
110011101
110110001
111010001
110000001
110110101
110100101
111000111
110010111
111100111
110000011
000011010
000000010
000111010
000100110
111100111
111110101
111001101
111101101
001110100
111110101
111011111
111011011
111001111
000001100
001100100
000101110
001000100
001100100
111100101
110001101
111001111
110011011
000110010
001110010
000111010
000011100
000100100
000101100
001111000
001100100
001111000
000010000
000100100
000000110
110000011
000101010
000001100
000001100
110001101
110001001
001001010
000100000
001000100
000001000
001010010
000000100
001101000
000100110
001011110
001100010
001101100
111101001
110100011
111100001
001001000
001000110
001001100
001100000
000111100
000110000
000010100
000011000
000101110
000101000
110101101
000101000
000111010
001010010
000010010
000110110
000111100
001011100
001000110
001101010
000111010
000100110
001000110
111001111
111100011
111100001
001100110
001111110
111111101
110011111
000110110
001010100
001110100
001000100
001101110
000110100
000010010
000000010
000001110
000010110
001001100
001001110
001110100
111110111
000111110
000001100
000010100
000000100
000010000
001000110
001100000
001000000
000101100
000110010
000011100
001111000
001110000
001011010
001100000
001010100
000011000
001000010
001101010
111100011
001110010
111111011
001100010
001011110
000001000
110001001
111011101
111110001
111010001
111010101
001000110
000101100
110101111
110111001
111011011
001011100
000001110
000101000
000101000
000100010
000000000
