01110110011010000
01101001001110000
11101101100101000
01000101101100001
01010111001010101
01010011000101001
00011011110101011
00010001000001101
00101100010001000
01001100010111000
11111101111101100
10110111100001110
10111101111000000
11100001110000000
11100010111100111
11110000110100011
11111001101111111
01100001001110111
01110100111010010
01011001101100000
00010011100110001
10110011100111011
00100011110010001
00000000111010011
11001001111110000
10011010111011110
00001100001010010
00010101111011110
11000101001011001
11110101111010000
11100011011111011
10110111001100001
00111111010101101
01001111101001101
01100001101000001
11000001000000011
11011001010111011
10000001010100001
11001000011001001
01101010001000011
01001010100011011
01011100100101111
01001001010100011
01001000001000100
01100101111100101
01100110000110111
00111100000100000
00001101111000010
01101100110000000
10111000010110000
00100001001110011
10100111001001100
10101101000000100
11101010001000000
00100110110000100
01110000011101100
01100100001111111
00101101000010111
01111100100110001
00111010101011010
00100111001111011
01100101011011100
01100101001000000
01100110101100111
00011100111100101
10000110010101000
01111111000101000
00101101110100101
01101011011010100
01110011000001101
01101011100011010
01001011110010011
11001001010001100
11011001100010101
01011101001001101
10010110101001110
11010111010111111
11010000100110101
10011100000011100
10011111011101000
11110110000111100
01000101000111101
00001110000010110
01010110000001101
00000111100010100
01100101010000111
01011101111001000
01110100010101100
00100111100111100
01110011001011111
11110010001010110
01111110000000001
01101111010011001
11110101010010000
10111000110010110
01101011100011010
10101110111000010
11001000101100110
11110100100001100
01110110100111100
00100110101101010
10000100001101110
10100011000111011
10100101000001000
00110111001111010
11010101000111101
10001100011111001
00000101110011110
01000110101110111
00111011101100111
10001011101001110
11111011111100111
11100010100001110
10111000000001111
00100011011000110
00111001110010110
00110101110110101
10110001101101010
11001010100111010
00010100101011010
01001101111010100
01100101010001010
11101001000011111
10110000000000000
01110100011001011
10100101010000100
10000100010100101
10000111010001111
10010001010010001
11000001000110101
00100001110111001
00101001111010110
00011101001110000
01100001001111011
01101111100010011
10000100100111010
11100101110001010
11111101110000100
11111100101101000
10011001101111010
10010001011111000
11001000010011010
11011110001000011
11011100101100001
11011101001101000
10001011100000000
10001110010101011
10111111011111001
11011111001011000
11101110101101011
11100101001101101
10000110101111110
10100010100101011
10010010100111101
11111001101100100
11011110111000000
01011011111101000
11110111001001100
01111110111100000
01111111111001001
00000001111101100
00010000110010000
00100100001010110
11110110111000010
01111000101011011
11110101001010010
11110101000101101
11111111001101111
01011011100100011
01011101101100001
10010101001001100
11001011000001100
01101101000010110
01101000010001110
11101101111100100
01100101100111000
10101010100110001
00111000110101000
10001100111111101
11001001110010010
11011000110100101
10001101111001100
11101000011111110
10000101001101110
01010100001100100
00010101001110000
00110110000011110
01100011001010101
11011010100010100
00001111010010101
10001100111011100
10001001110010010
11011100010000111
01011010000011101
11110101000011111
10011001110011010
10111011101010101
10001001011100101
11101000111111001
10001010011001110
01001011111000011
01111010010100001
11101110000010001
01000000100010010
10110110000010110
01110100001010000
00110111001011100
00101100101110110
11110110101010111
00011000111011110
00011100100011000
10110100110000011
00011111100010010
10011010001111011
10111100111100110
00011100100111011
00010100100101000
10010101001111110
10111111010110011
00001011000010100
10101111001110101
10101100100100001
00100000110001110
00101010000001010
11001000001101010
00000010101001011
11000001100111110
11010110000101110
10001100000110111
00110101010010010
01101111010111000
00010111011100100
10000111011000001
11100001011101000
00000100110111000
00100100010001011
10001111010101001
00111110011101100
01011011001100111
10011111000001011
10011111001000010
00001110000100100
10010010001000101
10011001001011110
10000011001110100
00000010100111010
10110100100111101
10000001100111011
10000001001100001
11000111011100100
01000101111111100
11000010001111100
01010101101010100
00110000010010000
10000100110001001
00110110111000101
00000000010001100
10111000011001110
10111101000101100
01101111000001011
10100011000000011
11111111000000110
10100001000010110
10001110011010111
01011111001001110
01011011110010110
11010000101010101
10110100110000111
10000000000010111
10101101001000011
11011100101001111
11010000111001010
10011111001001010
11110110100000011
01010100110101110
11001110011111010
11010101110110011
11000011110110111
00110111110111000
01000001110010010
01001010010100111
11000010111101100
11000100110001100
11001000000000111
11100000000001111
00110000000111001
10010111100101000
00000001110001100
10000011100100110
10101011101101011
10011010100011010
11110011100110000
01100010011101000
01111110001100100
10111001101100100
10111100100010001
00110011000110100
01111111011100110
11011100111000110
01101101101101100
00011001001100110
00011110100001010
11010010001001110
11010000101100010
11010100110011001
10010110111011000
11010110010000111
11101110011001110
10100010111110110
11100110110110010
11101010100000001
01001011001001011
10010011010001001
01111001010001011
01000000110000100
10000001100001001
00011000010000010
00101010010100000
00111101110001010
00110001100111010
01111111111001010
10110101110011010
11110011000001111
11010000010111010
01001100110000010
01011001001001110
01011110101011111
01001001100000010
01001101101000011
00101100100011010
11100101100011000
01100110000110101
11010011100100100
01011011110011000
01000011110111101
00100000111111100
10101011100111101
10111001111011100
10101011110111011
11101101011011111
10110100010011100
11111100011101100
00101110111000110
00011011011100011
10010011111000011
01100000101000110
11101000101011011
01101010111000101
01011011011010011
11011110101110100
11000010101000101
01001110001101100
00001110001111110
11000000001111101
11000001101110100
01000101011101001
10001001011101101
00000100011100100
00011001011000001
01011110111000001
00011000101000000
10001000100011110
00001000000101100
10011011000100001
11000111010010001
00001010100011000
01111000101011001
10111001000010110
11100100001110111
11101101000100010
11010111010101100
11001010010101111
01110010110101001
01111000101011101
10111011101111111
11111001111001111
10010111010001010
10000001110000111
00100111110100111
01101000010100101
11001100111111110
01001100101100101
11011111111010110
01001111100000001
01100110100000010
01001001100100011
00001101010000010
11011000110000100
10111000110001010
00111110010001110
00111000110110011
01101110010100111
01101011000000101
11000001010000001
11110100110010000
01100101111000101
01000110011100010
11011111101010010
00000111100000011
10110100100110011
01100000110110110
10100100000010110
10110011000110111
11110101100011000
10010110111111000
11010111011100010
11000001101101011
11110000101110100
00100010110110000
01100111110111111
01101001010001111
10011000010101010
10011100101000010
10001111000000100
10101110000000010
10110100001110110
11100100001011001
11000000011000101
01010000001110100
00101000010010101
11111010001010001
01110011100100010
10010000000101011
00010011100100000
00000100110011000
11110000111111000
11100100011001000
11000110011101001
00000101011100011
00110011010011010
10101011100001100
10000110000000001
10011111010100001
10111111101010100
11000011101100101
00100011011110001
00100111100101100
10100101111101111
10011000101001111
10111010101110101
10110111000000101
10110001110010100
11011010110011100
10100000010000100
00011100010011110
00010011011001100
10011010110000100
10000010110010101
11100011010000000
10001011010111101
10011010111010111
00101011110110110
10101000010100000
00100110110101110
10100111100010000
10100010100110010
10110111100010010
00011101101010101
01101001101100101
11010101101000111
10001110101010111
11011011000010101
10000000101010100
10000100001011000
00100010101111010
11010001100101010
00100011101000010
00010000100101000
01000000110110010
10100110010010011
10001110011001001
11011100011110001
10011011010110000
10001011110100111
00011101100100110
10111111110111010
11010111110101110
11000010110111010
11110010100110011
00100010111110010
10111010010100110
10100000010010100
00110100001110010
11010101111000010
11110010101001010
11100011010011011
11111010010110101
00111100111010101
00011110000110010
01010011100111100
11110010000010001
01010010001101100
11111010011010100
11111101110110010
11101010001010010
00001011010100010
01101111000011011
01001011000111100
11011011001000100
00011001000100001
11011100001110101
00001101010010101
01011010111011100
01000110101111100
00000000101111100
11000000111010110
00010101101010010
00110011011010001
11110010011011110
11010110110111100
11011101100010100
10111000001011101
00100000010011110
01110100100101010
11111001111001010
01011011100101000
11010001000100000
11010111001011010
11110000000010100
10101000001110001
10000110110010000
00100000111000011
01101110101010011
11000010001001110
01100010101111011
01100100100101010
00111111100001001
00011001000111100
00010001101101011
01100010011101110
11101000000011111
01000001101010100
01001111110110000
10101011101010001
00111110100010110
01101100010011101
01000111110010001
01010111110100001
00010110000010101
10010100100011010
10001111110010111
10001010010000000
11010010011001100
10100000101101101
11111010100110000
10001010000100101
10011010111100101
10100000010100100
00001000000101001
01111010000000110
01010001101001111
01100001011101101
00100101011110000
00010011001011001
11010001101001000
11100110101101101
01111000101011101
00111100111001011
11110111111111011
11110001101110110
01110000111101100
10010010011001100
10011111010010101
11010110111011000
01001101110001100
01010001110101110
11010111110011011
10010111000111110
10000001101110000
11000101110110001
00000101011010000
00000101100000111
11000000111100110
10000100011110100
01110000011111110
00111011111000110
10100011100000111
11111011110010100
01001010010000110
11101110010011100
10001111000001001
10100110001000000
11100100110100101
00110100100101011
01110101100100100
01010001000010010
00011011110000111
11011101100000011
11011000110010101
11111110101110001
10110010111010100
11111010110001111
10101111010011011
01001111001001100
01111111000110010
01011111011011111
10001100011011001
11100101001011010
10100111001101000
10110110100001111
10101100100100001
10101110010100011
00001110001111001
11001100100101001
10000000000000010
00110000111010011
00010101110110111
10000010000110100
01001001000101101
01000111000100011
11100001111100000
11100101100011110
10101111000001110
00101010110011111
01101111011010000
11001111000001011
10000001110100010
00001000010011110
00001000100110001
01110011100111001
00101000110011100
00010010001011100
11011001101111000
10000100100101001
10110100010001111
11110111110010000
01010010000010101
00011110011110101
01111010000111000
10100110000110011
00001100100110001
00100101110100010
11100100110011001
11100100110000001
01011100100001101
10111100101111101
01100000100001100
01000111111101101
01001101110011001
00111100110001110
00011000110111000
00010010010010011
11000010110101110
11111000110011100
01100110111011010
00101000110010111
10100000000001101
10101110100000010
01110010000000000
00101000110000001
00100111111101001
01101111011001000
00100011111000111
10001001010100110
11101110010101101
10101001010101110
00011000101111110
01011010001110010
10111111001100111
00111101001101101
11011101011011110
11111011011000100
11110000111101000
10000001110100001
11011001010010100
00010001000001001
00010110010000100
10010100100001100
10110100001110111
10011101111111101
01000001100101100
01000000010011110
01000010110100110
01000010010110100
11000010011101010
00101000001011010
01100111101011111
00001011110101110
10100011011001100
10101011000010111
01111000001010101
01000001001011011
01011111000011100
00010011001001010
01010111110000110
10010101111100100
11010111001100001
01001101011001000
01111110111101010
00101001011001011
01010100110001010
11110010000001110
00011010100000000
11011001000011010
01111111101011111
01011000001000111
01101100001011010
11110110001110000
01010011001000011
10010101010000001
01010001011010011
01010010100010101
11100011100011011
11001110110010111
00000110111000101
10100100011101010
11011000101101000
10011101111101101
00101011111100100
01101010010011101
00100110111010100
00011100111100000
01111001100100001
00110100101000010
01000100100010010
10000101111111110
11100100101110111
11000110100100011
01100111101100111
00001110111000010
00011110001001011
10111010000000001
10001000010010100
11101000111011010
11100001101101101
10101001100001101
01111001101111110
01100111101010000
01001111001000010
11111110011011011
10111111101001101
11011110100011101
11111011110110110
11010010111111110
00000010111101011
01100010110010000
01010000011011001
00010011001010001
00011010110110001
10010010001101001
00100001100101100
01100000101000011
10001010100101010
10001110111010111
10000111001111010
10001001001100111
00000101001011011
00001000000000011
01011000011011000
11101100001001001
11011111011010000
00011101110100010
01111010111111010
01100010101110011
01101100111110111
11001100010011010
10110110110111000
01111100100110001
01100101100001110
01111101100101101
00010100000110000
01011010000111110
00011001110010110
01001000110001001
00000001001001100
01000001001001011
11100101001111100
00100001011000000
00000101101100101
01010000000110101
00010011000110001
11010011110100110
11100101000000111
11101100010101011
01100100100111000
01101011101110010
00101110000110010
00011100110110001
10101101001010000
01010101000010000
01011001110001110
01101001111001010
01001111001011000
10111111001010100
11101110101100111
01001111110000111
01110001101000100
11101001001111100
10110010000111000
11010010010011010
01010110001001000
01000001000010001
10100001101110110
11001100101000100
11100110000101101
01110111010110110
00111101010101010
10000011010100000
10011010100000011
11110000010000111
00110101001001110
01100101100101001
00100100010000011
10100101100011110
00011101000111110
00010111001101111
01010011100000011
01110111000000010
10101111010010011
00101001011010111
00001110000010110
00111010010010001
00010110000001110
01001110011011010
00011011001010010
01111001110000110
00111011111101101
10101111100001110
10110110111001111
00100011101101011
10110000010101000
00011010000101100
01100010001110110
00010110011001110
00000100001000010
01001001000010011
01000010011111011
11000011100010110
10010011010000010
10110001100010111
10100101110011101
01100010101010100
10001111001011100
11010111110001110
01010000111101100
01000000100011111
00011000100011011
00111010010101010
01110010011110010
11001000011100010
00101000110110010
00100000110110100
01111010111101000
11101010011000010
00000100111001010
00010001100011100
00110100100110011
00010111100001111
10111111100101010
10100101010001100
10001001011100101
00101100001110111
00000010001010011
10100000100111000
10101010101010110
11101001011011100
01101000001100000
01010000011001010
10110000111011011
11101001111010101
01000101111011011
00010101011110101
00110001010001101
10110000000011010
10111100011110100
01101000111011100
01100011010000000
01100000101100110
01000101011001100
00100101011110110
00101011010110110
01111011100011110
00111000101001111
00101011110100111
01111111111000010
00111110001110010
01101101011101110
11111000011011100
00111101111110101
11011100111110000
01100100110100001
00101110111101100
11100111111111100
10101010011011101
01101110110010100
00001101011110110
00000000101101010
01000011100100001
01011111110011100
01110110010110101
01100011111110100
00100000100110011
11111101100110111
11000101000011110
10011011000010011
01111011110000100
01011100100100100
01001100111110110
10000101111110011
10011000111010111
11011101110000111
10111011110100010
11101111111000110
11001001000101110
10001001101010010
11111010001010100
01100010111110010
10000111101111000
00010110111000010
10001110011010101
01100111111001100
01000100010101001
00100101000101011
01000001100101100
01010000010110001
01101100011000000
01100111001110110
11110011011100010
11000001111010110
11000101100100010
11110100110110101
11110000101000011
00010100101100011
00010101000001111
00010110110011000
01110010100110100
00111011010010110
01111110010000111
11011000100100111
01111111001100010
00011101011110110
10111100110000100
00110100100111100
01110001111101101
00011011010100000
11111010011000110
01011000011111010
00011000101101000
10011101101101010
11111010011101110
11110110010101010
10110010000111001
01100010001100000
01101010101100001
11110111001100000
11110011100010101
01010010110001010
11101111110100010
00111010100111010
01100010101001111
00000101111001110
01101100111010111
00101100110011111
00100101000010101
01100000011110000
00010010001111101
00100110001000111
10110000001011100
11100100111110100
00110110111101001
11100100010100001
01111110000101000
01110010101011010
00000010010001011
00011110100000111
01010010100010101
11010000101011101
01001111001001100
00001111001001000
01101100011101000
11001101010000101
11001000110011011
01101010110110101
00000011110100100
11110111100100100
11000111101110100
10101101111100110
11110001000101110
11010100110100010
10011100100110010
10100111110111000
10111110010111100
00111110110110110
11101110010001110
00101100001111111
00001011000010100
10001100001011000
00101101011101001
00000000110101100
11010001011101010
10111101111000000
11111101101000000
11001001100010101
10100011100010111
11101011100100100
01100000001101110
11010000100111100
01111100100010001
00001000000110011
01111000010101010
