0000011100
0000011000
0000011000
0000011101
0000011000
0000011001
0000001100
0000011101
0000111000
0000110100
0000100100
0000101101
0000101100
0000101000
0000101101
0000111100
0000101000
0000100000
0000110100
0000010100
0000010101
0000110000
0000111000
0000101100
0000111000
0000010000
0000001000
0000101000
0000111000
0000111000
0000111100
0000100100
0000110101
0000110000
0000010000
0000010000
0000010000
0000110000
0000010100
0000110000
0000111100
0000110100
0000111100
0000011000
0000010001
0000011100
0000011101
0000011100
0000101100
0000110100
0000111000
0000111101
0000111000
0000111001
0000110000
0000000000
0000000100
0000110100
0000111101
0000110000
0000000000
0000000001
0000001000
0000111000
0000111101
0000011000
0000010000
0000000000
0000100100
0000000101
0000001101
0000101101
0000011100
0000010000
0000111000
0000011001
0000010100
0000100100
0000101100
0000111101
0000111000
0000110000
0000011000
0000011100
0000010000
0000110000
0000011000
0000001000
0000001001
0000001101
0000001100
0000011100
0000111100
0000111100
0000111001
0000011000
0000110000
0000100100
0000111100
0000011101
0000011001
0000101000
0000111000
0000111100
0000111101
0000110000
0000110101
0000100100
0000000100
0000010100
0000000101
0000000001
0000001100
0000101000
0000001001
0000001100
0000111100
0000010100
0000000101
0000100000
0000000100
0000001101
0000011101
0000001000
0000010000
0000100000
0000110000
0000111100
0000110000
0000000000
0000101000
0000100100
0000101100
0000111101
0000010100
0000100100
0000100100
0000000101
0000010100
0000111100
0000001100
0000000101
0000000001
0000000101
0000001000
0000011000
0000101000
0000001000
0000011100
0000111000
0000101000
0000111100
0000001100
0000011100
0000011001
0000010001
0000011001
0000010100
0000110100
0000111000
0000101100
0000101001
0000100001
0000001000
0000101000
0000001100
0000011000
0000011101
0000101100
0000100101
0000101000
0000111000
0000010000
0000100000
0000001000
0000001000
0000011001
0000101000
0000000000
0000001001
0000011001
0000011001
0000111000
0000010000
0000110001
0000110000
0000111001
0000111101
0000111101
0000110100
0000111000
0000111001
0000011000
0000110000
0000110000
0000000000
0000010001
0000100000
0000101001
0000100000
0000110100
0000111000
0000110000
0000011000
0000101000
0000100001
0000001000
0000011000
0000101000
0000001001
0000000000
0000001000
0000111000
0000101000
0000001000
0000000000
0000001000
0000011000
0000110000
0000110101
0000011100
0000111101
0000011100
0000011000
0000011001
0000010001
0000110000
0000000000
0000001001
0000001000
0000000001
0000010000
0000100000
0000110001
0000011000
0000011100
0000001100
0000101000
0000101000
0000001001
0000001001
0000100000
0000110000
0000110101
0000100101
0000010100
0000011000
0000111000
0000011000
0000010100
0000110101
0000111101
0000100100
0000100100
0000101101
0000001101
0000000101
0000001100
0000000000
0000001001
0000100000
0000100101
0000010100
0000010000
0000011100
0000111100
0000111001
0000010000
0000110100
0000110101
0000110101
0000110100
0000100101
0000101100
0000100101
0000101000
0000100000
0000110000
0000111100
0000100100
0000100101
0000101100
0000100000
0000110100
0000101100
0000101101
0000001100
0000011000
0000110000
0000100100
0000101101
0000100101
0000110101
0000100101
0000100001
0000101001
0000101000
0000001000
0000001001
0000011001
0000011001
0000011000
0000101000
0000100001
0000001000
0000100000
0000101000
0000000000
0000001000
0000000001
0000011000
0000010100
0000100100
0000110000
0000000000
0000000101
0000100100
0000111100
0000011100
0000010000
0000000001
0000011000
0000111001
0000111000
0000101100
0000101000
0000111000
0000111001
0000111101
0000111000
0000111101
0000101100
0000101000
0000100100
0000111100
0000100100
0000000000
0000100001
0000100000
0000101000
0000100100
0000101000
0000101100
0000001101
0000010100
0000110100
0000111000
0000010000
0000011100
0000010000
0000010100
0000011000
0000001000
0000011100
0000011001
0000111000
0000100000
0000110000
0000110100
0000111101
0000111100
0000110101
0000110101
0000101100
0000100000
0000000100
0000000001
0000000001
0000100100
0000000000
0000010001
0000110001
0000111100
0000010100
0000010000
0000100000
0000101100
0000100000
0000110000
0000010001
0000011000
0000010001
0000100000
0000110100
0000010101
0000000101
0000000101
0000000100
0000001101
0000011101
0000101100
0000001100
0000111100
0000101101
0000100000
0000100101
0000100001
0000100101
0000100100
0000000101
0000001000
0000011000
0000010001
0000010100
0000011101
0000010000
0000110001
0000100001
0000101001
0000110000
0000111000
0000001000
0000101000
0000101001
0000000000
0000010000
0000110001
0000100001
0000110001
0000110100
0000110101
0000010101
0000000101
0000000100
0000011100
0000001100
0000011101
0000001100
0000000000
0000010100
0000110000
0000111100
0000101100
0000100100
0000101101
0000101101
0000001101
0000101101
0000101101
0000001101
0000011101
0000101100
0000101000
0000100001
0000000000
0000010000
0000000000
0000110000
0000111000
0000001000
0000100000
0000100001
0000010000
0000011100
0000111100
0000011101
0000001000
0000001100
0000011000
0000001100
0000001100
0000100100
0000110000
0000010001
0000110000
0000101000
0000001000
0000101001
0000101100
0000000100
0000101100
0000101001
0000110000
0000101000
0000100100
0000110100
0000000100
0000010000
0000010101
0000110100
0000010000
0000110100
0000111000
0000101000
0000011000
0000010100
0000010000
0000010100
0000000100
0000100101
0000111100
0000111101
0000101100
0000111101
0000111101
0000111101
0000011101
0000101100
0000100100
0000101000
0000101000
0000101001
0000101101
0000001000
0000011100
0000101100
0000101000
0000001001
0000011100
0000011101
0000101100
0000100000
0000100101
0000000101
0000101100
0000011100
0000001100
0000000101
0000000101
0000010100
0000110100
0000111000
0000001000
0000001100
0000001000
0000011001
0000111000
0000101100
0000000100
0000110100
0000110001
0000100000
0000100100
0000000101
0000001101
0000001000
0000011001
0000000000
0000100001
0000100101
0000100000
0000010000
0000011001
0000001001
0000111000
0000101001
0000110000
0000010100
0000111100
0000110100
0000110000
0000110101
0000111100
0000110000
0000010001
0000010000
0000011001
0000011001
0000010001
0000110100
0000100100
0000000100
0000011100
0000001101
0000001101
0000011101
0000010000
0000110100
0000110101
0000000100
0000110100
0000111000
0000001000
0000001100
0000101101
0000111100
0000110100
0000110100
0000110001
0000010000
0000100000
0000101100
0000100000
0000000000
0000100001
0000000100
0000010101
0000010101
0000010000
0000000000
0000100000
0000110001
0000110100
0000111100
0000110101
0000110000
0000111001
0000111001
0000010000
0000010101
0000000100
0000010101
0000110000
0000100100
0000100000
0000100101
0000101100
0000111100
0000010100
0000110100
0000100101
0000101000
0000011000
0000001001
0000011000
0000111001
0000111100
0000100100
0000101100
0000001000
0000001001
0000111000
0000111000
0000111101
0000010100
0000010001
0000000001
0000010000
0000000001
0000100001
0000001000
0000011000
0000011100
0000111000
0000111100
0000111101
0000011101
0000111101
0000111001
0000101100
0000111101
0000111001
0000111100
0000011000
0000111001
0000111101
0000110000
0000100000
0000001000
0000010000
0000001000
0000101100
0000111100
0000011000
0000111000
0000111001
0000100000
0000100001
0000101001
0000001000
0000000001
0000010100
0000110101
0000100100
0000000000
0000101000
0000111000
0000011001
0000000000
0000000000
0000110000
0000100000
0000101000
0000101101
0000100101
0000000101
0000010101
0000110101
0000010000
0000000001
0000100100
0000010100
0000110101
0000100101
0000110000
0000010001
0000000000
0000011000
0000011000
0000001001
0000000000
0000010001
0000011000
0000011101
0000010000
0000011100
0000111000
0000110100
0000111100
0000110101
0000100101
0000010100
0000100100
0000110000
0000010100
0000010100
0000011000
0000011100
0000001100
0000011101
0000110100
0000010000
0000011100
0000001100
0000000000
0000000100
0000001101
0000100100
0000110000
0000100100
0000110101
0000011100
0000001000
0000001001
0000100000
0000110100
0000111000
0000011000
0000111000
0000100000
0000100001
0000000001
0000100000
0000101001
0000001100
0000011100
0000010100
0000010000
0000110001
0000110101
0000000100
0000010100
0000001100
0000011101
0000001100
0000011000
0000000000
0000000001
0000100100
0000110000
0000110100
0000010100
0000110100
0000010101
0000011101
0000010101
0000111100
0000111101
0000101100
0000101001
0000100000
0000110000
0000111000
0000111000
0000100000
0000100100
0000110000
0000100100
0000110101
0000110001
0000010001
0000110000
0000101000
0000101001
0000111100
0000111001
0000111101
0000101000
0000111100
0000111101
0000100100
0000100100
0000110000
0000110100
0000010000
0000010000
0000010100
0000010100
0000011100
0000011000
0000011101
0000110100
0000000100
0000011100
0000111101
0000001100
0000011101
0000010101
0000011000
0000011100
0000101100
0000101101
0000000100
0000000101
0000100000
0000101001
0000101000
0000111100
0000111001
0000111001
0000111100
0000011100
0000010000
0000000000
0000100000
0000100100
0000101100
0000100101
0000000000
0000010001
0000011100
0000010000
0000001000
0000100000
0000110001
0000100001
0000001000
0000111000
0000001000
0000001101
0000101100
0000101100
0000111101
0000100100
0000010100
0000010000
0000000100
0000100000
0000111000
0000111100
0000111001
0000110000
0000100000
0000110000
0000010000
0000010001
0000110001
0000111000
0000111001
0000111100
0000011101
0000011001
0000011000
0000010100
0000110000
0000110101
0000101100
0000001101
0000111100
0000001100
0000000101
0000001100
0000011000
0000001000
0000000100
0000010000
0000011001
0000010000
0000011001
0000010100
0000001100
0000111100
0000101101
0000111101
0000101000
0000011000
0000000000
0000010001
0000000000
0000101000
0000101001
0000000000
0000110000
0000010100
0000010100
0000001100
0000011000
0000111100
0000110101
0000111101
0000110000
0000100001
0000001000
0000101000
0000000000
0000010100
0000110000
0000100000
0000110001
0000010100
0000111100
0000110100
0000010100
0000010101
0000110000
0000111001
0000011001
0000111100
0000110100
0000100101
0000000100
0000011100
0000011100
0000001100
0000000101
0000010000
0000110001
0000010100
0000010000
0000011001
0000011000
0000111100
0000010100
0000110000
0000111001
0000011100
0000011100
0000001000
0000011100
0000011101
0000011001
0000111100
0000111000
0000111001
0000011100
0000010000
0000000000
0000010000
0000110100
0000110000
0000110100
0000101100
0000101100
0000101000
0000100001
0000000000
0000101000
0000101100
0000001100
0000000101
0000011100
0000011000
0000101000
0000101101
0000001101
0000001101
0000011000
0000000000
0000000001
0000101000
0000100100
0000111100
0000110101
0000000100
0000000000
0000000101
0000000100
0000001000
0000011000
0000001001
0000001001
0000001001
0000011001
0000011001
0000001000
0000000001
0000100000
0000110001
0000110001
0000101000
0000000000
0000001000
0000011001
0000001001
0000010000
0000010001
0000011000
0000111001
0000011100
0000111000
0000011000
0000001000
0000011100
0000111000
0000110000
0000111100
0000110000
0000100001
0000100001
0000001000
