000000111011001100
000000100001101000
000000101000111001
000001100010011001
000000101010001001
000000010011111000
000001010001101000
000001010101001101
000001110101111100
000000010000101000
000001010010001001
000001111001001000
000001100010001000
000000010011000100
000000110110000001
000001011111011000
000001011011110000
000000011110111100
000000111100000100
000001101110001101
000000001111000101
000001000011000000
000000010001101001
000001100000011000
000000100000010000
000001110100111001
000000000001011001
000001101001010100
000001001101100000
000000111011000100
000001001110100100
000001000110001000
000001101110000100
000001011111111100
000001100010110100
000001001001111100
000001000100110100
000000110100001101
000000011000010100
000000010001010100
000001110111100100
000001100100101101
000001111110101100
000001101000000100
000001100100000100
000000010010001100
000000010000011101
000000000101011001
000001011000001000
000001101001100001
000001001011111000
000000111110111100
000001111110110001
000000101000100100
000001111101010100
000001110011011100
000001000010001101
000001010111011100
000001010110101000
000001110010101000
000000010100101101
000000101101101000
000001011100100100
000000001101110101
000001001101000000
000000111001100101
000000111100100000
000000111100000100
000000001111100101
000001110111101001
000001011001100000
000000001011100000
000000100011100101
000001111011000100
000001011011000101
000000101001010101
000001101000000100
000000111010100000
000001000000010000
000001101100001000
000000111000001100
000001011010011000
000001111000000100
000001011101000001
000000100100000100
000001010110001101
000001110101010100
000001011101100000
000001101110110001
000000011010010001
000001000011010101
000000100000100100
000001000101100101
000000110111001101
000000011011000000
000001100101010000
000000111111100000
000001010011010000
000001001010010101
000001101011011000
000001010100011000
000000111110010100
000001010111000100
000001011011010000
000000011011011000
000000101010111001
000001000100110000
000001110101101000
000000010110110000
000001100101101000
000001000001101001
000000000101111101
000000010111101100
000000010110011100
000000001110001001
000000011111011100
000000100111101100
000000000111101000
000001110101110000
000000010000111000
000000000101110100
000000100111111000
000000100000111100
000000001010100100
000001011010000101
000000011000100001
000001001000111000
000001000101011000
000000010011110000
000001110101110001
000000010101111001
000001111101110101
000001011100000000
000001110000000101
000000100001011000
000000110000101001
000000101011101001
000001100011001000
000001100010100001
000000000010010101
000001110111000000
000001110010001000
000001100111111000
000001000111100101
000000110100101101
000001111000100100
000001010110101100
000000000100001100
000000110101000101
000000110111010101
000001000101111101
000001000011011100
000000010001011001
000000100100011101
000000101110011100
000000001100111101
000000101110011100
000001101110010100
000000000110011101
000001000100110000
000001000101110100
000000011100000100
000000000001100100
000001100010100000
000000111010001100
000001111110000000
000001000110110000
000000110011100100
000001101010000101
000000101000100100
000000111001110001
000000110101110000
000001010100111000
000001000101001000
000001010101011001
000001010001010101
000000111101010101
000000010100010100
000001011110000100
000000110000000000
000000000100010100
000001101001010101
000001000101011101
000000100111101100
000001010110101100
000001100010111000
000000000010001001
000000110111001100
000001110111001000
000001110111100000
000001000110010100
000000011110101100
000000001110100100
000001101101100001
000001010111101001
000000011111100001
000000111011110101
000000100111011100
000001000100011101
000001010000001001
000001100001011100
000001110010110100
000000010011001100
000000110010011001
000000001011111000
000000111101111001
000000010101101101
000000011101111000
000000010001101000
000000110000100001
000000100110100100
000000001011100000
000000000011100000
000001101010100100
000000001110111101
000000111101111100
000000011001111101
000001001010110101
000001000011010100
000001000110011101
000000110101111100
000001010111010100
000001010100110100
000001010110000100
000001111100110100
000001000100100001
000001011100000000
000001010100000001
000000101000010001
000001001001100100
000001111101111000
000000000111111101
000000000010011101
000000000111110100
000001000010000100
000001001000001000
000000101110101001
000001111101101100
000001001100111101
000001111010110101
000001111010100100
000000101011110101
000001010010110101
000000000000110000
000001001010110101
000000011011101000
000001001011011001
000001111001010100
000000010011011000
000000100011111001
000001001101101000
000000001011011000
000001000010001100
000001111011011100
000001101011001101
000001010110001101
000000101010101100
000000011100111000
000000011010100000
000001110011000000
000000001110010000
000001110010010000
000001001110010100
000001011000110100
000001111100100001
000000101110000001
000001111111010101
000000110111010100
000000100001100100
000000000101010000
000001110000011000
000001100000111100
000001000001100101
000001011000100101
000001010001010100
000001110000101100
000000100011100101
000000111011101000
000000010011100100
000000010010001100
000001011110010100
000000010111110000
000000100001010100
000001110000100100
000001000001100101
000001010001000100
000000100101000101
000001100111001001
000000001011100000
000000001110001000
000001001100111100
000000110100000100
000001110100001000
000001100100001101
000000101100000101
000001110100000000
000001000100110100
000001010111110101
000001101110100000
000000100111110001
000000110110100001
000000000100110101
000001110110000100
000000010101010000
000000001100011100
000000111100011100
000000011110011101
000001001011001100
000001111111000001
000001101101101001
000001001011100000
000000101011110000
000001111001111100
000000001101100000
000001001101011001
000000011011011001
000000101001111100
000001011111110101
000001001100000100
000000111111010101
000000100111100101
000000010101010000
000001101101111000
000000100000110000
000000111001010100
000000000001011100
000000010000011000
000001010000001001
000000101101011000
000000000110011100
000001110101001101
000000010111011100
000000011111001000
000000001101010100
000000011101001001
000001110101110000
000000000100010001
000001000110000101
000000011100000001
000001101110100001
000000101111110101
000000110111001100
000000110111011100
000000100111000000
000001010101100100
000001111001110100
000001010100100100
000001000011100101
000000000111110100
000000100111110000
000001001101111001
000001100001001000
000000111001000101
000001111001100101
000000100101111100
000000000011001100
000001010000000100
000000100111010100
000000010110110000
000000010111111000
000000111110110001
000001110100110001
000001111000111000
000001110010010000
000000100000000001
000000110000100000
000001111100101000
000001011010101000
000000011000001000
000000100001111000
000001100111011100
000001000110111001
000001100111111101
000000010001101000
000001110000110000
000001111011110100
000000001011010000
000001000011111000
000001001011100100
000001111110111100
000001110111111001
000001100111101101
000000010110111000
000000010110101101
000000101111100100
000000010010100101
000001110110100101
000000101111010100
000000101010010100
000001001111000100
000001111111111000
000001000101001000
000001101111000100
000000001101011000
000000010101111001
000001100101100100
000001110110110101
000001000010010100
000001110011010101
000001001101011100
000001100111001100
000001110100101000
000001000100110000
000000111100001000
000000101110010001
000001110111000100
000000000011100100
000000011011010100
000001011001100101
000000001011110100
000001011000100100
000001001001110001
000000111111111000
000000000111111100
000001110001100100
000001110001110001
000001001011110000
000001011111111101
000000111000110100
000000000011100100
000000011010101000
000000010010101000
000000111010111001
000001010000110001
000001000011110001
000000001001110100
000000001111110000
000000111101010001
000001001101100100
000000010000110100
000001100001100101
000000110001101000
000000111111101100
000001001111011100
000000011100011000
000001101101101100
000000111111001101
000001000011001101
000000110010111101
000001010010110101
000000010011111000
000001000010110000
000000101010100101
000000110011100100
000000111000100101
000000000101100101
000001111001110100
000001101001100001
000001011110100001
000001101111100100
000001011011001000
000000011010100001
000001111101101000
000000111001011001
000001011001011100
000000111000011000
000001011101001000
000000000011000000
000001001111110000
000001111011000100
000001000010000000
000001001010100100
000000101111100001
000001010011101001
000000010111001101
000001110101111100
000001111100101100
000000111010001101
000001101000011000
000000111110001100
000000100000101100
000001010100110000
000001100000101000
000001100100100100
000001110100001000
000001010000010000
000001001100000000
000001101100100100
000000111100010100
000001001000110100
000001110010110000
000000110010011000
000000110011010001
000001010011100100
000000010010110100
000001111100110101
000001111000010000
000000010010000000
000001111111001000
000001011110011101
000000110111001100
000001101110010100
000000101110111001
000000000100101000
000000100001011000
000001000100111000
000001110001110001
000001010111010001
000001010011100001
000001100100100000
000001111100100101
000000000111100100
000001001110101101
000000111110100001
000000100110101101
000001010100011100
000000110100100100
000000010110110100
000001110101110100
000000001111010100
000000111010100100
000001101100100101
000000000111000100
000001110011000001
000001110111110001
000001001110010001
000001011010001001
000000101101001001
000001101101000100
000000011111101101
000000111001011100
000000011010011100
000001111011110101
000000011111000100
000001000101000000
000000100010001000
000000011110000100
000000001110100101
000000111101100001
000000111100111000
000000010110111000
000000001010100000
000001101011110001
000001011011000101
000001110010000100
000000110001101100
000001100010011100
000000110100010000
000000110101000101
000001010110001100
000000100010101101
000000101100101101
000001011000111101
000001111010111001
000000100010001000
000000000000000100
000001000011000100
000000010111010000
000000100100000001
000000000000110001
000000110000010100
000001001001011100
000001011001000101
000000111100000001
000001110110011000
000001000010001001
000001110000101001
000001100011111001
000001111110110000
000001100111111001
000001010100110001
000000110111110001
000000100111110001
000001011000110000
000000010101110000
000000110001010000
000001110011011101
000001111100011100
000000011100101101
000001000110101100
000000010010100100
000001110010110001
000001111010000001
000001110010110001
000000011110110001
000000101110001001
000000100011001100
000001000111011100
000001110101001100
000001111000011100
000001110010010100
000001010110011001
000001001110010001
000000111010010000
000000001010010101
000000110011100100
000000011110101100
000000001100100100
000000111000000101
000000111010001001
000001100010011100
000001101011010101
000001111000010100
000001101000100000
000001011011000100
000000011000001000
000000000100101100
000000101110001000
000000110000101000
000001011001110000
000001010000110000
000000111100000000
000001010101110000
000000000001101100
000000100001110100
000001000110111100
000000100110011100
000001110110001001
000000100111111001
000001100100101001
000001110110101000
000000001010001001
000000111011100100
000001101011101001
000001011111110100
000000101110110001
000001001000000000
000000011100110001
000000011110000100
000001110011000101
000000100011001000
000000001110011000
000000010111111100
000000100111000101
000000010110010101
000000110110101000
000001110000110000
000001111001111100
000001110100111101
000000100100000101
000001111111010100
000000100011110000
000000100110111000
000001111101111001
000001100100111100
000000010110010100
000001010000010000
000000011001110100
000000110000100000
000001010100010100
000000100100011100
000001110110110000
000000110110101001
000001011010110000
000001111010111101
000000011111011101
000000110111011001
000001110001001100
000000110011010000
000001101011000000
000001001111101000
000000110101111000
000000010101111101
000000011101001000
000001001101001101
000001011110101101
000000011010000101
000001101110101000
000000001010000000
000000101001001001
000000111101001100
000001101101110101
000001000101001100
000000011011011100
000001001011000001
000000001001010100
000000111101001101
000001001101001000
000001011101000101
000000011100010100
000000101000010000
000001001111010100
000001000000010100
000000101010000100
000000001010011101
000000100010101100
000001101110100000
000001101010101101
000001001000101101
000000011110111101
000001001010001000
000000000011011000
000000101011001100
000000110110011100
000000001100110100
000001001000111000
000000000000110001
000000110101100000
000000110101111001
000000110000011100
000000110010011100
000000110000001001
000001100001010001
000001110101111100
000000000101101100
000001010000110100
000000110011000100
000000000100000101
000000110111010000
000001010011101000
000000001101101001
000000001101000000
000001111100010101
000001011110000100
000001111001010100
000000010100011100
000000010110010000
000000001010010101
000000101110000100
000001001010101101
000000111100001100
000000010101001100
000001001111000000
000000110111110100
000001100101101101
000000110110111100
000001010011010100
000000111111011100
000000110011110100
000000100010100100
000000001010010101
000001000110010000
000000011110010000
000001001011000100
000001111001001001
000001001000101100
000001001101110100
000001111101110001
000001101101000001
000001000101001001
000000100100101001
000001100001101101
000000110101111100
000000001111110101
000001111101100000
000000001110101100
000000001010110100
000000101000110001
000000010010111100
000001110010011000
000001110001010001
000000111000010001
000000111011000100
000000101011100001
000001101000100100
000000000001001100
000001100001011001
000000010101111100
000001000000110101
000001010110111000
000000100110010101
000000011110111101
000001101011100100
000000110111110000
000000000001010000
000001010111110000
000000110011110001
000000111101110001
000000110001110001
000001101001000100
000000101011011000
000000000111011001
000001110011101000
000001000010011000
000000100100101000
000001110000000100
000001110110001100
000000011110000101
000001110111001000
000000100110011101
000001001110111000
000000010111111100
000000001101111101
000001100101011001
000000010000010001
000000000101010000
000000100100011001
000001111010001000
000001110010011100
000000110001101100
000001000001101100
000001100101111101
000001011111110100
000000011111010100
000001001010010000
000000111010001101
000000000110100100
000000000101101101
000000000110100100
000000011001100100
000000111110100100
000000011111101000
000001001100001100
000001010111101100
000000101100101000
000000001101101000
000000001101011001
000000111101111100
000001010110111100
000000100000001100
000001010111001000
000001100010011100
000001010001001000
000000100101011100
000001000111011000
000000110100111100
000000101100101101
000001000001100100
000000100100110000
000000011101010000
000000111000011000
000000011010000000
000001000000000100
000000110011100101
000001111001000101
000000000000100101
000001001001001100
000000011001100000
000000011001010001
000001011001000101
000001101101100101
000001110001100100
000000100011101000
000001110010100000
000000010110101101
000001011100011100
000001110000001100
000000111000001100
000001010001001100
000001000001010100
000001010001111100
000000100111110000
000001101111100001
000001001110000100
000000001111010000
000001111111100001
000001111001110100
000001111000110100
000000111000111100
000001001111101100
000001100101001000
000000101001000000
000001111101110000
000001000001100001
000000000111110100
000001100110011101
000001000000001100
000000110010110100
000001101010010001
000000101001110100
000000111101101101
000001011110111101
000001001111001000
000000001111000000
000001001011000001
000001101101100001
000000011010100000
000000001010111001
000001111001101001
000001101010000000
000000101001110000
000000011011110101
000001101011011001
000001110010011000
000000110000011101
000001101001011101
000000011101111101
000001111100011001
000000011111001000
000001001011011000
000001001110011000
000001001011011001
000000111100001000
000001001101101100
000001101010001100
000000101110111100
000000001110000100
000001001100110100
000001011000111101
000000000000000100
000001101000011101
000001010100010101
000001000100100100
000000000010000100
000001011010010001
000000111010011000
000001111110001001
000001101110000100
000001111000011100
000000010110001100
000001111010000101
000000001000001001
000000101001100000
000000011011110100
000001011111100101
000000001111101000
000001001111000101
000001001011110101
000000001001111100
000001111000100101
000000110011100101
000000010111001101
000001010001100100
000001100001001000
000000010111011000
000001100110111100
000000001111011000
000001101011010000
000001011101110000
000000111101111100
000000010001010100
000001011111010100
000001111111001101
000000011010000101
000001000011100000
000001011001111000
000000111000011001
000001011001110000
000001001011101000
000000010001101100
000000011001100000
000001100011000001
000001111011100101
000001111001010000
000000011010000000
000001011000001000
000000001101011100
000000001111011001
000001010110111001
000001001100111100
000000011000111000
000000011000110100
000001101000100101
000001101101101100
000000000101101000
000001111111100000
000001100111001100
000000011011101100
000000111010111000
000000111011101001
000001111111110000
000001101011101000
000000000010111000
000000100000000000
000001100100011001
000001111111011000
000000000001011000
000001101111011000
000000100110111000
000000000111001000
000000010010101000
000000111110111001
000001010100110100
000000100101010100
000001100011000100
000000111111010100
000001011110001101
000001010000001100
000000010110011101
000000100011011001
000001100001010001
000000110000000101
000001101100010100
000001110000111100
000000100011111100
000000001011111100
000000110010100100
000000100001000101
000001111101100000
000001011001000000
000001011101011001
000000000110010000
000001011110001000
000000011000100000
000000000010100000
000000010110100101
000000101111110101
000000111101000000
000001010101100101
000001001101101001
000001011001111001
000000011101010000
000001010000010100
000001010110011101
000000100111111101
000000101111010100
000001111011100101
000001101001101001
000000100111101000
000000100001111100
000000101011011100
000001101101001000
000000101111100000
000000110111101101
000001100100101000
000001010111110000
000000010011010101
000001110011011101
000001010001100100
000001110100110100
