000000000111011000
000000000110100000
000000000110100100
000000000011100000
000000000001001001
000000001001010000
000000001011101000
000000001011000001
000000001010100000
000000000010101001
000000001010110000
000000001110101100
000000001110010000
000000001101010101
000000000001000101
000000001111100100
000000001101001101
000000001011101101
000000001011001101
000000001010001101
000000000000001001
000000000000100101
000000000100100001
000000000111100001
000000001011110100
000000000001111101
000000000001111001
000000000011111101
000000000001110100
000000000000110000
000000000000111100
000000000010111000
000000000000011000
000000000100000000
000000000110000101
000000001100010000
000000000111010000
000000000001011001
000000001010011001
000000001011000000
000000001110110000
000000000110011100
000000000100110000
000000000110001000
000000000010001101
000000000011011100
000000001111111100
000000001110100101
000000001100100100
000000001111100000
000000001001101000
000000000001000001
000000000000110000
000000000010100100
000000000001010100
000000000001000001
000000000011101000
000000000010110001
000000000000101001
000000001110100000
000000001110001101
000000001000001000
000000000100100000
000000001100111100
000000001100000000
000000001010100100
000000001011000000
000000001010011001
000000001001111000
000000000101111100
000000000011111000
000000001111111000
000000000010011000
000000001010001000
000000001000000101
000000001010111100
000000000011011100
000000001001101100
000000001001010100
000000001101111000
000000000100101001
000000000111001000
000000001010001100
000000001001011101
000000001011011000
000000001010111000
000000001011011101
000000000010001000
000000001001101000
000000001111001001
000000000110011001
000000001110010000
000000000011110000
000000000001000000
000000000000110100
000000000001111001
000000000110110000
000000001100000000
000000001011100000
000000000101100000
000000001101111000
000000001100011000
000000001010011100
000000000010011000
000000001010110100
000000001111110101
000000001110101000
000000000010000000
000000000010011000
000000001100001000
000000000111000000
000000000111011000
000000000110010001
000000001100000000
000000001101001000
000000001111010000
000000000111110001
000000000110011100
000000001100010101
000000001010110100
000000000010011101
000000000011110101
000000000110010100
000000000110111000
000000000110010100
000000000010000000
000000000110011001
000000000100110000
000000000001110001
000000000000110100
000000001000011000
000000000101010000
000000000111111100
000000001110101101
000000001101001000
000000001101001001
000000001001010001
000000001001010101
000000001000110000
000000000000011001
000000001001010001
000000001000110100
000000001011010000
000000000011011000
000000000011011001
000000000100011000
000000000010011000
000000000111010100
000000000101110101
000000001101100100
000000000110100101
000000000101100001
000000000010100000
000000001010000000
000000001101000001
000000001001101001
000000001001110000
000000000000111000
000000001001111100
000000001000101101
000000000000100101
000000000001111000
000000001011101000
000000000001111001
000000000000111000
000000000000101100
000000001010100100
000000001111100100
000000001111100001
000000001000101000
000000001001101000
000000001011110000
000000000101110100
000000000001101101
000000001000101101
000000001010100101
000000000010011100
000000000110000101
000000000111001101
000000001101000000
000000001111001000
000000001101010001
000000001000000100
000000000000000001
000000001001000000
000000001011001100
000000001111010100
000000001011011101
000000001011100000
000000000011010001
000000001001010001
000000001000110100
000000001010111000
000000000001111001
000000000011011101
000000001011001100
000000001111010000
000000001000011000
000000000111011000
000000001001111000
000000000010011000
000000001011010100
000000001000010000
000000001100100001
000000000101110000
000000000001110101
000000001010010100
000000000000010000
000000000011011100
000000000011110100
000000000010101000
000000000001111001
000000001000110001
000000001000001100
000000000000010100
000000001100111100
000000000100011001
000000000100010000
000000001100010000
000000000100110000
000000000111010001
000000000101100001
000000000000010000
000000000000110000
000000000001110101
000000001000011100
000000000100011100
000000000000011101
000000000010001100
000000000110001100
000000000011100100
000000000011010001
000000000011010101
000000000010010100
000000001011000100
000000001011010100
000000000011010101
000000001001110100
000000000001010000
000000000101001001
000000001011001001
000000001110101000
000000001001101001
000000001011101001
000000000001011000
000000000000111101
000000000100111101
000000001111111101
000000001000101100
000000001001101000
000000000101101001
000000000100001000
000000000111101100
000000000101001001
000000000111100000
000000001011100000
000000001001000101
000000001011011100
000000000011111000
000000000001101001
000000001101111000
000000001101110001
000000001101011001
000000000001010001
000000000001110100
000000000011100000
000000001001111000
000000001100001000
000000001001000000
000000001000100101
000000001000010000
000000001001110100
000000001110010100
000000001100010100
000000001111110100
000000000011110101
000000001111110000
000000001011010000
000000001001100100
000000001011110100
000000001001000100
000000001000001101
000000001100100000
000000000100110100
000000000010000100
000000000010000101
000000000010001100
000000000100111100
000000001101110100
000000001100101101
000000001000101100
000000001000000000
000000001000111001
000000001010101000
000000001011111101
000000001000001100
000000001101111100
000000001101001101
000000000001000100
000000001011010101
000000001110010101
000000001100100100
000000000111100101
000000001011111100
000000000101110100
000000001001010101
000000001001001001
000000001001111001
000000000000011001
000000001011001000
000000001101111000
000000000001111101
000000000101101100
000000000000101101
000000000000100001
000000000010011000
000000000111111000
000000001111000000
000000001000000000
000000001110010001
000000001111111001
000000001111011000
000000001110111101
000000001100100000
000000001101101101
000000000010101100
000000000000100101
000000001110000100
000000001000011100
000000001010110101
000000001111010100
000000001101011001
000000001111010101
000000001110100100
000000001111111101
000000000011011101
000000001010010000
000000000110111000
000000001010001000
000000001011000001
000000001001010100
000000001101100101
000000001100101100
000000001111100101
000000000110110100
000000000000101100
000000000110100000
000000001011100001
000000001110110100
000000000000110101
000000000110010100
000000000110001101
000000000101010100
000000000110011100
000000001100011101
000000001101010000
000000001000110001
000000000000000100
000000001100100100
000000001100100100
000000001101100001
000000001101001001
000000000111001001
000000001110011000
000000001110100000
000000001000000001
000000001000010100
000000000011011100
000000000101010000
000000000011001000
000000000001010100
000000000011100000
000000000011011000
000000000000111100
000000001001110000
000000001101010100
000000001101101000
000000001000101000
000000000000111101
000000000100101001
000000001000110000
000000001110111000
000000000111011001
000000000011011001
000000000010001100
000000000100001101
000000000101101001
000000000000111001
000000000000101000
000000000000111101
000000001001100100
000000001100110100
000000000100010000
000000000101010100
000000000111011000
000000000111001001
000000000001011100
000000000000001100
000000001000101000
000000001001100001
000000001011010000
000000000001111000
000000000111101001
000000000101000001
000000000001000100
000000000000100001
000000000100000000
000000001000100100
000000000100100101
000000000000101100
000000001000101101
000000000010100000
000000001100100001
000000001101000101
000000001101001101
000000001011101100
000000000000100100
000000001010101101
000000001110011101
000000001110111100
000000001110001101
000000000111001101
000000000100101100
000000001100000101
000000001110000001
000000001000100100
000000001001101001
000000001100001000
000000000100001101
000000001111001100
000000001110001100
000000000110001000
000000001110101101
000000000110101101
000000000110101001
000000000011111100
000000001011111101
000000001010011000
000000001111010001
000000001111010101
000000000101000000
000000001100010100
000000000101001100
000000000110111100
000000001101111101
000000001100011100
000000001101010101
000000000000010100
000000000011011101
000000000011010100
000000001111110100
000000001010010101
000000001100000100
000000000110000001
000000000010100101
000000001110100001
000000001000110001
000000001110010000
000000000011010100
000000001011011001
000000001001000001
000000000101110000
000000000001011100
000000000111001000
000000000111100000
000000000110000001
000000001110000100
000000000111010000
000000000000010000
000000001101110000
000000001101101100
000000001011101000
000000000111000000
000000000101010001
000000000011111000
000000000111011000
000000001010010000
000000001100110000
000000000110000000
000000001111101000
000000001001111100
000000001101111001
000000000000111000
000000000001001000
000000001001001001
000000000010001001
000000000110011001
000000000010111100
000000001000001100
000000001100010101
000000001111110101
000000001001110100
000000001011010001
000000001001111001
000000000111111000
000000000110001000
000000000111111000
000000001100111100
000000001100011100
000000001000110101
000000000100010100
000000000000000101
000000001100001000
000000001100000101
000000000101010100
000000000101010101
000000000011000000
000000000100100000
000000000111101100
000000000011101100
000000000011011001
000000000001110100
000000000000000000
000000000100011000
000000000100011101
000000000110011100
000000000100001001
000000000001011000
000000001001000000
000000001111101000
000000000101110000
000000001111111000
000000001111111100
000000001111110001
000000000101111001
000000000000101100
000000001000111001
000000001001010000
000000001010000001
000000000010011100
000000001010010001
000000000011010001
000000000010111100
000000001010101001
000000000100101100
000000001100001101
000000001000000001
000000001111010000
000000000101001000
000000001101111000
000000001101110001
000000000101100000
000000001101000000
000000001110010100
000000000110000001
000000000010010100
000000000000100100
000000001000000101
000000001010101101
000000000010100001
000000000011000101
000000000111110100
000000001101010101
000000001101100101
000000001100001101
000000001101101101
000000001100100001
000000001101110000
000000001011111001
000000000011011001
000000001011010100
000000001010110000
000000000011110101
000000000000100101
000000000011101101
000000000011100101
000000000011011100
000000000000001101
000000000001111100
000000000000011101
000000001100111100
000000001110001100
000000001001011100
000000001001010000
000000000000000100
000000000011100101
000000000111110001
000000000110110001
000000000101010000
000000000100101000
000000001001101000
000000001000110100
000000000000110001
000000001001100000
000000001001110101
000000001000101101
000000001000000101
000000001100110101
000000001011100100
000000001011001000
000000001011110001
000000001000100001
000000001100110001
000000001110010101
000000000111111100
000000000111001100
000000000010001101
000000001110001100
000000000110110100
000000000100100101
000000000001100100
000000000011001100
000000000001111000
000000000111101001
000000001101001000
000000001101100001
000000001101000000
000000001011000100
000000000010101100
000000000011001100
000000001001011000
000000000001001101
000000000010100100
000000001011110000
000000001110111000
000000000110011100
000000001010001000
000000001111101100
000000001110011000
000000000010011001
000000000001010100
000000000111111100
000000000100101101
000000001101101000
000000001001001101
000000001011101100
000000000111100101
000000001011101000
000000001011111101
000000000011110101
000000000111111000
000000000111101100
000000000001100000
000000000100000100
000000001101010101
000000000101000000
000000001100001001
000000001100010100
000000001100111001
000000001001110100
000000000111111100
000000001110010100
000000001011010100
000000001100110100
000000000000110000
000000000000011101
000000000010111101
000000000101110100
000000000100110000
000000001100000100
000000000101100100
000000001101100001
000000000101111001
000000000101000000
000000000100100100
000000001000000100
000000001011001000
000000001010000101
000000000010110000
000000001000110100
000000001110010100
000000001000110000
000000001001100100
000000000001101001
000000001101001100
000000001001001000
000000000101101100
000000000011001101
000000000100001101
000000000010000100
000000000010000000
000000000000000101
000000000101010000
000000000110000100
000000001011100100
000000000001000101
000000000101010000
000000001101110101
000000001110110101
000000000110111101
000000000100101101
000000000100111000
000000001111110000
000000000111011000
000000000010111000
000000000001110001
000000000001101101
000000001000111000
000000000110110000
000000000001111000
000000001001111101
000000001010001100
000000000001011100
000000000101001000
000000000110101001
000000001110001001
000000001010010000
000000001001011000
000000001101111000
000000001011101000
000000000011110100
000000000101110100
000000000100111000
000000000011011000
000000000000111000
000000000011111100
000000000011111100
000000000011111001
000000000011111001
000000001011101000
000000001011101000
000000001000101100
000000001000100101
000000001000100100
000000000000010000
000000001000110101
000000000001100101
000000001001111100
000000000101111001
000000000001111100
000000000001100000
000000001010000000
000000001000100000
000000001000111100
000000000000100000
000000000001011000
000000000110010000
000000001110111100
000000001100011101
000000001011011100
000000001111010101
000000000111001101
000000000111100001
000000000101001100
000000000100011001
000000000000101100
000000000001101100
000000000011101101
000000000001001001
000000000001000100
000000001101011100
000000000101011000
000000000011010100
000000000101011101
000000000111001001
000000000010101100
000000001000011100
000000001010111001
000000001011101101
000000001011111101
000000001111100101
000000000001100000
000000000110100001
000000000100010100
000000001000000101
000000001100001101
000000001101100000
000000001101001101
000000001001011100
000000001010110100
000000001100110000
000000001111111100
000000001011001100
000000001011001001
000000000010000001
000000000001010001
000000001011000000
000000001000000001
000000001001100101
000000001000000100
000000000100100101
000000000110111000
000000000000110100
000000000100000100
000000001101100000
000000001100001000
000000000100011101
000000001100010100
000000001100000101
000000000100011100
000000001100011100
000000000010011000
000000000110111001
000000001010110000
000000001001010000
000000001111110100
000000000011111000
000000001011111100
000000001111010000
000000001100100000
000000001001101000
000000000001110100
000000001011100101
000000000111000100
000000000010000001
000000001010100100
000000001111100000
000000000111111000
000000000100101100
000000000110011000
000000000110000000
000000000010010001
000000001010010000
000000001111010001
000000000100110000
000000001110010000
000000001111010100
000000000111001101
000000000110100101
000000001111110000
000000001101011100
000000000111000100
000000001100000101
000000000100101000
000000000000111101
000000000100010101
000000001101110101
000000001101100000
000000001001100000
000000000010000000
000000000110100101
000000001011100000
000000001001100000
000000001010101001
000000001001110000
000000000101111001
000000001000111100
000000000000001000
000000001010111000
000000001111111001
000000001011010000
000000001100010001
000000001110010001
000000000010110001
000000000011111100
000000001001110100
000000001010111101
000000000011101000
000000000010100001
000000000100101001
000000001111101001
000000001101011100
000000000111001100
000000001001000100
000000001001000001
000000000001010101
000000000001001100
000000001001000000
000000000000010000
000000001100110000
000000001111000000
000000001111110000
000000001110010000
000000000110010000
000000001100011001
000000001000101100
000000001111101000
000000001000111000
000000001100110001
000000000100110100
000000000101010001
000000001000011000
000000001000011001
000000000000000001
000000000110000000
000000000101000001
000000000100000001
000000000101010101
000000000011110000
000000000100110100
000000001101110000
000000000111100001
000000001101100001
000000001001011000
000000000101101000
000000000000100000
000000001001100001
000000000101100000
000000000100010100
000000000100010100
000000000100100000
000000000000001001
000000000100111001
000000001100101000
000000001101101000
000000001100111000
000000000101111101
000000000100001000
000000001110001101
000000000100111100
000000000001001100
000000001001100101
000000001001101000
000000001100001000
000000001000001001
000000001100101001
000000001110001100
000000000100000000
000000000111010000
000000000101111001
000000001001101001
000000000001010000
000000001101010001
000000001101101100
000000000101011101
000000000101000000
000000001101100101
000000001101011100
000000001010011100
000000000111011101
000000000101110101
000000001001100100
000000001011011100
000000000111011001
000000001110001000
000000001010101001
000000001001011000
000000001011001001
000000000010101000
000000001010001101
000000000111000100
000000000101010000
000000000010010000
000000001111010100
000000000111111101
000000000101010101
000000001000010000
000000000010110000
000000000010001000
000000000100001001
000000001101000100
000000001001010100
000000001101110001
000000000101111001
000000000001000000
000000001001010000
000000000100000000
000000001101100100
000000000101100100
000000000100100101
000000000111000100
000000000110010001
000000000010001100
000000001000011100
000000001001101100
000000000101100000
000000000111010000
000000000010110000
000000000001110100
000000001001001100
000000001011111100
000000001101110100
000000001101011100
000000001101011100
000000001100001000
000000000010001001
000000001111001001
000000000110011000
000000000010001000
000000000000011001
000000000100010101
000000000101001100
000000000101111101
000000000100101000
000000001100101101
000000001100011001
000000001101010100
000000001110000100
000000001111001000
000000000101101001
000000000001110000
000000000100110101
000000000000010100
000000001010010100
000000001100001100
000000001110101001
000000001110000101
000000001110011001
000000001010110001
000000001001111000
000000000000110100
000000000000100001
000000000101001000
000000000011011000
000000001111101000
000000000110101000
000000000000001001
000000000010011001
000000001110101000
000000000010100100
000000000000101100
000000000101000100
000000001001000000
000000001111001000
000000001011010001
000000000001111000
000000001101101100
000000001101110101
000000000001100101
000000000001000001
