0001110100
0010100101
0010000100
0010100100
0000000101
0000000101
0011100101
0001101101
0010111000
0010010000
0011111000
0010100000
0011101001
0001101000
0011001100
0010101100
0011100100
0000110101
0010101100
0010111000
0011111000
0001001000
0011000100
0000010000
0001110001
0000010100
0011001100
0011001001
0011001001
0010101100
0001111000
0000011100
0010111100
0001111000
0000110001
0010111001
0011111101
0000111001
0011010000
0000110000
0000110001
0011110101
0011100000
0000100101
0001000000
0000100100
0011101100
0000101101
0001110100
0000111000
0010101001
0001100100
0010110000
0000111000
0011111001
0010011100
0001001100
0000011000
0000010001
0001110000
0000110100
0011111100
0011110000
0001011000
0011001000
0001000001
0010001000
0001101000
0011101100
0011111101
0011111101
0010100100
0000010100
0001000101
0011001101
0011101000
0011101101
0011111100
0001011100
0010011101
0000011100
0000011101
0000011001
0000011101
0011001100
0011001101
0000001000
0010011001
0010110000
0000010100
0010011000
0001111000
0001011100
0011001100
0011101100
0011111000
0000011001
0010101000
0000100100
0011000101
0010101100
0011001100
0001000101
0001101100
0010101001
0001001001
0011101000
0011101001
0001110000
0010101000
0000001001
0010100000
0010110100
0010010101
0011100100
0000100000
0000100000
0010100100
0010100000
0000110100
0010100101
0001000101
0001000000
0011110000
0000010000
0000000000
0011100001
0010000100
0001101100
0000001101
0000001000
0011100000
0001100101
0000110100
0011101100
0000100101
0010100100
0011110101
0001010101
0010110100
0000111101
0010111000
0010100000
0010000000
0000100100
0010110000
0000100100
0011000000
0001001001
0010011001
0010111100
0000111101
0011101101
0010111100
0001110101
0000110001
0001100100
0011001100
0010101000
0010001001
0011011000
0000110000
0000100100
0010010100
0001010001
0010011000
0001010000
0010000000
0010011000
0001010000
0011110001
0010110001
0000110001
0001100000
0001100100
0001101101
0001111100
0011111001
0001110001
0001110101
0000101100
0001100101
0010110100
0010010101
0010001100
0000111100
0010010100
0010010001
0010110001
0001010001
0001000000
0011011000
0011001000
0001010000
0001100000
0010100101
0001110100
0001010101
0000010001
0001011001
0010010100
0010010101
0001110000
0010100000
0010100000
0000001000
0011001001
0010101001
0010100001
0000000000
0011101000
0001111100
0001110100
0000111100
0001011101
0001111000
0010111000
0010111000
0000010000
0000111000
0000001000
0011101000
0010100001
0011100100
0000000100
0011100000
0010101000
0001101000
0010111100
0000010100
0011011100
0010010000
0001110100
0000010100
0001011101
0010011100
0010011100
0010011101
0011001100
0001000000
0011110000
0010110101
0010111000
0000111001
0011111100
0011100100
0000110101
0011110001
0011110100
0001010000
0010001000
0011100000
0011001000
0011011000
0010111000
0000110100
0010101100
0010111000
0000011100
0000011101
0010001101
0011111100
0001110101
0000100101
0001110100
0010100100
0011100000
0010100101
0010110100
0001100000
0001000000
0011100001
0001100001
0000111000
0000101000
0010101001
0000111001
0000110001
0001110000
0011110100
0000010101
0010000101
0000010100
0011001100
0010000000
0011000000
0001100001
0000000001
0010000101
0001010000
0001110001
0000010000
0001110001
0000100000
0010111000
0010011100
0000000100
0000000000
0011001100
0010001000
0010000100
0011010000
0001000001
0011100000
0000100000
0011100101
0000110000
0011100100
0011110101
0011110000
0010100000
0010101001
0010110000
0001010001
0001011100
0000010101
0010011100
0001000100
0001001000
0010001001
0001001100
0001000101
0010100100
0010010100
0001000100
0001000100
0001101100
0011111101
0010110000
0000000000
0000001000
0000101100
0010100101
0010101000
0001101001
0000001000
0001111000
0011101000
0011101001
0011100000
0010111000
0000011000
0011101000
0011100001
0000000001
0010000101
0001011100
0001111000
0000100000
0011001000
0010011100
0010101100
0000011100
0001001100
0010001000
0001111000
0011111101
0010100100
0000000100
0011100101
0010000100
0000100100
0011100001
0010101001
0011111001
0001111100
0011011100
0000001000
0011000001
0000010001
0001001000
0001011001
0010111100
0001100100
0000010100
0011110000
0011110101
0000010000
0011010000
0010000100
0011011100
0010001000
0000001001
0000000001
0011100001
0001110001
0001110101
0000101100
0010111101
0000011100
0000011000
0010101000
0001000000
0000100000
0000000001
0001000001
0000010001
0000000100
0000010100
0000010101
0000011000
0010110000
0010011000
0000011000
0010111100
0011010100
0011010100
0010010101
0001010001
0001011000
0000011100
0011011001
0010110000
0010110100
0011101100
0010111101
0001011000
0011111100
0001001100
0011011100
0000011001
0010011100
0011101100
0011111101
0010111101
0000111001
0010110000
0000111001
0011110100
0010000100
0000001100
0000011101
0000011001
0000001000
0010000001
0011011000
0011011101
0001011101
0001110100
0001110101
0011110100
0001110101
0010010000
0000010101
0011010101
0001000000
0000001100
0000011101
0010011001
0000011000
0011101000
0010001000
0001001100
0011100100
0001101101
0010100101
0011110101
0011111101
0001100100
0010110100
0000110101
0011100101
0010000100
0000011100
0011101100
0001111100
0000100100
0010010100
0010011100
0000010100
0001010100
0010011100
0000111000
0000110100
0001000100
0011001100
0000000000
0001110000
0010100001
0000100100
0000100100
0011110101
0011100101
0000110100
0011100100
0010000101
0010000100
0011000001
0010000100
0001001100
0001001001
0001010000
0000110000
0010111001
0001010000
0011100000
0000110100
0010111101
0011111000
0001110000
0011010100
0001110100
0010010101
0000010101
0011110000
0000010001
0001011000
0000110000
0011010001
0010100000
0010100001
0000100100
0000100000
0011101100
0011001000
0010101001
0011110000
0001000000
0010010001
0011000000
0010011000
0001110000
0011010100
0000010000
0001010100
0001011100
0001010101
0000110100
0000010100
0011000000
0000000101
0000010101
0001100100
0011101100
0001111101
0001111000
0010111001
0001101000
0011110000
0001111001
0011110100
0011010000
0000001000
0000011001
0010001001
0010000000
0010001001
0011010000
0000010101
0000001100
0001001101
0010000101
0000101100
0000101100
0010001101
0000100100
0001010100
0000000100
0010001100
0010111100
0000011100
0000011101
0011000100
0000101100
0000111100
0010111001
0011111000
0000011001
0001011001
0001110000
0000101000
0011110000
0011110000
0011111000
0000110100
0010110101
0000010100
0000100100
0001110101
0001010100
0000111100
0011101101
0000001000
0010011000
0000001000
0011000000
0010100100
0001000000
0011000100
0001010100
0000110100
0010111100
0000011101
0000001101
0001001101
0010101000
0000111001
0001110000
0010000000
0011010100
0011111100
0001010100
0010010001
0000000100
0010011100
0011110100
0001100000
0001100001
0001110000
0011111000
0001111101
0011010100
0001110101
0001100101
0011110100
0001110000
0000010100
0011011100
0000011001
0011011101
0010011100
0011111000
0000101001
0011101101
0000000100
0000110100
0011110001
0001010001
0010111000
0010011100
0000001000
0010101100
0000111100
0010011100
0001010101
0010010000
0011110001
0000011000
0000001100
0011101000
0010100001
0011001000
0000010000
0000111000
0000010000
0010011000
0011011100
0001110100
0010100101
0001110101
0011111000
0000110001
0000111000
0010111101
0000101000
0001001001
0001001000
0011011000
0000010100
0011000101
0001100000
0010100001
0011101100
0000111100
0011111001
0011011100
0000011001
0000010100
0011111100
0010110000
0000100000
0011111000
0001101001
0001101000
0010100000
0011000000
0001001000
0000011100
0010001101
0011101100
0011001000
0001000100
0011010000
0000000000
0001000100
0010101100
0010000100
0010011100
0010111100
0001111001
0001101000
0001000000
0011000101
0010010100
0011001100
0011000101
0011000001
0011000000
0000000101
0010000100
0000001000
0011011100
0000011000
0001010000
0001011100
0011001000
0001001001
0001101100
0011001000
0011001000
0011001001
0001101001
0001001000
0011001100
0011000100
0011000001
0011001001
0000101001
0000101100
0001111000
0000100000
0011101001
0010001100
0001000000
0011100100
0001100100
0011110000
0010010100
0000110101
0001011100
0011011001
0001010000
0011010100
0011110000
0011100100
0011110100
0000010101
0010110101
0001100000
0011110000
0000100100
0000001100
0001111100
0001110000
0001000000
0001110000
0010011000
0011010100
0010010001
0000110000
0000010001
0011011000
0011111001
0000110000
0001100000
0011100001
0011000001
0000000100
0011000001
0011100000
0011110001
0011111000
0000111000
0001011100
0010010100
0000000000
0000100001
0000100101
0010000000
0011100100
0000110100
0001010000
0001001000
0010011001
0010101000
0000001001
0011001101
0011100100
0010000100
0010001000
0001001001
0000011100
0011011101
0011001000
0010111000
0001101100
0000100100
0000001100
0001001001
0011001100
0000001101
0001101000
0001111100
0011011100
0000111100
0001110000
0011100000
0011100101
0011100101
0011100101
0000100101
0001001100
0000001101
0001000101
0010000100
0001110100
0000100000
0010100001
0011010000
0000010001
0000010000
0010010001
0000110000
0011100100
0001101100
0010001101
0000101000
0001101100
0011001100
0010000101
0001100100
0011101000
0000101100
0011101100
0011100100
0010110100
0010010000
0001010100
0001111100
0011101100
0001001100
0001101000
0001101100
0000101100
0010111000
0000011000
0010111000
0010010000
0000110001
0000110101
0001111100
0010011100
0010001101
0001011101
0001111101
0001110101
0010100100
0001000000
0000000001
0001110000
0001010000
0011000100
0010011100
0001011100
0011111100
0010010100
0010110100
0001110000
0011010000
0000110000
0011111000
0000110100
0000000100
0001110100
0001110001
0000110000
0000010100
0001100100
0000100100
0011101000
0000101001
0001000000
0001001000
0001100000
0000100101
0011110101
0001011100
0010001000
0011001000
0000001001
0011011001
0001011101
0011001000
0001011001
0011011001
0001001001
0000111000
0001001000
0001011000
0011110000
0011110101
0011110000
0000100000
0001001000
0000001100
0011000101
0001010100
0000011000
0000011000
0011011001
0011010001
0010010100
0001000000
0010001000
0000010000
0010011001
0000001000
0011010000
0001110001
0010111100
0011111001
0011011000
0000010001
0010111000
0000111100
0010101101
0010001100
0010011000
0011000000
0001000101
0001100000
0000101000
0000110000
0001100001
0001010000
0010011001
0001010000
0001110100
0010100100
0000100100
0001101100
0001111000
0010111000
0010110001
0011010100
0001110100
0001110001
0010110001
0001100000
0000111000
0000111100
0011001100
0011111100
0000111001
0011111101
0001101100
0010101000
0011101000
0010001000
0011011100
0001010101
0000100100
0000000100
0000011100
0000101100
0010100101
0010100001
0011101000
0000101101
0001111100
0000011000
0000101000
0000001000
0000100000
0010110001
0011000000
0010000000
0001011000
0001011001
0000111000
0011110000
0011100000
0010110100
0011111101
0010101000
0000110000
0010111001
0011101001
0000111000
0011011001
0000001000
0011000100
0010000001
0000010000
0011010001
0001000100
0000011100
0001011100
0001010100
0010001100
0001011000
0010011101
0010001100
0001001000
0010111000
0000011100
0001010000
0001010000
0001000100
0000000000
