011101100110100000
100101100011100010
000100101001010010
101110101011000001
101010001101010100
101011000001010001
111001001101010101
111011101111100100
001011001011101101
010011001010001101
111111011111011000
101101111000011100
101111010001111101
111000010011111101
111000100000110010
111100000010111010
111110011011111111
011000010011101111
011101001110100100
010110011011000000
000100111001100011
101100111001110111
001000110011011110
000000000001011010
110010010000011101
100110101110111100
000011000010100100
000101011110111100
110001011101001110
111101010001011101
111000111000001010
101101111100111110
001111111010100110
010011110101100110
100111100101111100
001111101111111000
001001101010001000
011111101010111100
001101111001101100
100101011101111000
101101010111001000
101000110110100000
101101101010111000
101101110010001010
100110101111001001
100110011110010000
001111001110111101
000011011110000100
011011001100000000
101110000101100000
110111100011100101
010110001101100111
010100101111110111
111010101101111101
001001101100001000
011100000111011000
011001000011111111
001011010000101111
011111000110011110
001110101010110100
110110000011110101
100110100110111010
100110100010000010
100110010100110000
000111000000110110
100001100101010000
100000000001010010
110100100010110100
100101000110101010
100011001111100100
100101001000110110
101101001100100101
001101101011100111
001001100111010100
101000101101100100
100101100101100001
110101110101111111
110100000110010110
100111001111000101
100111110111010000
111101100001111000
101110100001111001
000011100000101100
010101100000011011
000001111000101000
011001011011110010
010111011110010000
011101000101011000
001001111001111000
011100111101000010
111100101101010001
011111101111111110
011011111011001110
111101011011011101
101110000011010001
100101000111001011
101011101110000100
110010001011001100
111101001000011000
011101101001111000
001001101011010100
100001000011011100
010111000001110101
010110100000010010
110010000011110110
001010100001111001
011100110111110001
111110100011000011
101110010100010000
001110110100110010
100010110101100001
111110110000110010
111000101000011100
010001110000011101
001000110110001100
001110011100101100
001101011101101011
101100010100101001
001101010110001011
000101000101001001
010011011110101000
011001011011101001
111010011111000010
101100000000000000
011101001001101010
101001010100001000
100001000101001011
100001110100011111
100100011011011110
110000011110010110
001000010010001110
001010011110101100
000111011100011101
100111101100001000
100100000111011000
100001000110001001
111001010011101001
111111010011110101
111111001011010000
100110011011110100
100100010111110000
110010000100110100
110111101101111010
110111000100111110
110111011100101101
100010111000000000
100011101010101010
101111111000001110
110111111101001101
111011100100101010
111001011100100110
100001100100000001
101000100110101010
100100100110000110
000001100100110111
110111100001111101
010110110000101101
111101110010011000
011111100000111101
011111110001101110
111111100000100111
111011111100100010
110110111101010011
111101101110000100
100001111010110101
111101010010100100
111101011110100110
111111111100100010
010110110110111010
010111010100111110
100101010010011000
001101000000011010
011011010000101100
011010000100011100
111011010000110101
011001011001110000
010101011001100001
110001111101010010
011100111111111001
001101100011011011
001001110010110100
100011010001100101
111010000111111100
011110100011011110
010101000011001000
000101010011100000
001101101111000001
100111001101010100
110110100111010101
111100001011010100
011100110001000111
011101101100100110
001000110100001101
101001011111000100
111101011111000010
100110010011001001
101110111010101011
100010011000110110
111010000000001110
100010100110011100
010010111110000111
011110101010111110
111011101111011110
101111110111011011
101101101111010001
011101001101011101
001101111101000101
001011001011101100
000010011010101101
000110001110111100
000111001000110000
101101000011111010
111000000111011011
011001011100001000
010000111111001110
111000110110001000
111010110110101111
011010100011111110
010000001010011000
000010110000101000
101011110011101011
101011000110111110
001000001100011100
001010100000010100
110010000011010100
111111011010010101
110000011001111100
110101100001011100
011100110001101101
001101010100100100
011011110101110000
000101110111001000
100001110110000011
111000010111010000
111110111101110010
110110111011101000
100011111010101110
001111101000100101
101001001100110000
011000001111101000
011000001101111011
111100010001001010
011011010010001001
011001100010111110
011111000011101010
111111010110001011
101101000110000110
011111100110001000
011111100011000001
001110000111001010
101110101111111010
110000100011111000
101010101010101010
001100000100100000
011110111100010001
110010011110001001
000000000100011000
101110000110011100
101111010001011000
100100000000010101
010111000000000101
111111110000001100
010111100000101110
100011100110101111
010111110010011100
010110110011010001
001011110101010100
010010110011110000
011111111111010000
010100101101111000
001000110101100000
001011110001101011
100111111101101001
000010010111111000
101010111101011110
110011100111110100
001010101101100101
001111001101101101
001101111101110000
101111101100100110
101101011010110000
001111011111011010
001110111100011010
001101111111110000
000111111111100000
110011111110001100
100101110110101101
000000010011100101
100000111001001100
101010111011010111
100110101000110100
111100111001100000
011000101000101101
011111101100110101
010001100100110111
010000110111011100
001100111110010101
011111110111001100
110111001110001100
011011011011011000
000110010011001100
000111100111101001
110100101101100001
110100001011000100
110101000011001110
100101100001001101
110101100100001111
111011100110011100
101000101111101100
111001101101100100
111010100111111110
010010111101101010
011011001011101100
011110011011101010
010000001100001000
100000011000010011
000110000100000100
001010100101000000
001111011100010100
001100011001110100
011111111110010100
101101011100110100
111100111111100010
110100000101110100
010011001100000100
010110011101100001
010111100101000010
010010011000000100
010011011010000111
001011001000110100
111001011000110000
011001101110010110
001011000110110111
101001001100110010
101111001101111001
001000001111111000
010101001001111001
010001101110111010
010101000010001000
000100101001000000
101101001011000101
111111001000100101
001011101110001100
111001000111000101
011011001110000101
011000001010001100
111010001010110111
011010100001110110
010110111001011010
110111101011101000
110000101010001011
010011100011011000
000011100011111100
001111110011111001
001111101011101010
101110101000101100
011101101000100100
000001001000110101
111001101001111100
101000010001111100
111001110101111111
011101111000111110
111101110001011010
011001000001000001
001110000100100001
000010101000110000
100001111010110001
010001101111010011
111001001100010010
111011011110111001
110101110101011000
001101010101011101
100011011101010001
100001110101000100
010001000100000000
000001100001100000
100101111011101001
100000010011110010
110110000010110000
011010001010110110
110011001111111100
010011000100110110
110111111110101100
010011110111111110
011001100111111001
101101100110111000
111100101011111011
110110000011110101
101110000011101001
001111101011100001
001110001101100111
100100010101001101
100101000000001001
001111100100000001
111101001100100000
011001011110001011
010001100111000100
110111111010100100
111110001000000101
101101001001100111
011000001101101100
101001000000101100
010011000001101101
000010100111001111
100101100000001101
110101110111000100
110000011011010111
111100001011101000
001000101101100000
011001111101111111
011010010100011111
011001110101010110
011000110101111011
011100000000001010
010100010000000110
010010110011101110
000110111101001100
001111111001110100
101011111100010111
110101111011010100
000001011101011100
100011001001000110
100100000001010111
000100111001000000
000001001100110000
000011111111110010
000110110110010010
001110010111010001
111110100111000101
001100110100110100
101010110111100101
011110011111111100
011000001010111100
010000001010101010
110000111011001011
001000111000011110
001001111001011000
101001011111011111
011001111010011101
010001010100010100
010010001111110100
010011100011010111
110110100011000101
010111111011110111
000111001011000001
000100111001100101
100110100011110101
100000100011010110
111000111011111101
100010111010000110
100110101110101111
001010111101101100
101010000101000000
001001101101011100
101001110111011101
101000100110011001
101101110111011001
111000100101010100
100101100100110100
110101010101110010
011100010101010000
001001001111010100
100000000101010101
100001001101001101
001000100100001001
001011100110101011
001000110101111001
000100001001010000
010000001101100100
010110010100100101
011100011001101100
001000111000011100
100110111010011101
100010110010110010
000111010110110001
101111111101110100
110101111101011100
110000101101110100
111100101001100111
001000101111100100
101110100101001100
101000000100101000
001101001100011001
110101011110000100
111100101010010100
111000111011001010
111110101010010110
110000110001010100
111000010001100110
010100111001111000
111100101111011110
010100100011011000
111110100110101000
111111010010011001
111010100010100100
000010110101000100
011011111111001010
010010111110000101
110110110010001000
000110010001000011
001000110011101001
111100100100101001
010110101110111000
010001101011111000
000000001011111000
110000001110101100
111010101010100110
110011000110100001
000011010110111110
001010011101111010
001000101000101010
010001110010111001
110111110100111110
100010110110101011
111110010001101001
010110111001010000
110100010001000000
110101111101001001
111100000000101000
101010000011100011
100001101100100000
110111111110000101
100100011010100101
110000100010011100
011000100100001010
011001000110101001
110000000111101100
111001100001111010
111011100100101000
011000101000100001
111010001111000010
010000011010101000
010011111101100000
010101001010100001
001111101000101100
011011001011000110
101110000011011100
101010000010111100
111010010000101001
011010111000110110
011100001100101101
011101010100000010
001011010110011010
010111111011011001
111110101001100000
100010100001001011
100110101111001011
101000000101001000
000010000001010011
011110100000001100
101011101010011101
100111101000100100
110110101000011111
111011001101001100
001011100101101111
111001100100100110
100001110101000100
110000110001101000
111101110000001010
111100010100010001
011100001111011000
100100100110011000
100111110100101011
110101101110110000
101100101100011010
101011101101011110
001010001100110101
011010000001111110
011111100100011111
001110100010011100
111110101001011111
111110101000001101
110000001111001100
100001000111101000
100011110111111110
001110111110001100
101000111000001111
111110111100101000
010010100100001100
111011100100111000
100011110000010011
101001100010000000
111001000010110110
001101000110101010
011101010110110101
010100010000100100
000110110011110010
001000100111111000
001001110011010100
000000010100011100
010011010001010111
000001010011100000
010100001011001000
101100000010011010
100000001110011011
101000000110111101
100011000110110011
111001010010110100
101001110011010000
101101100111100010
101011000110111110
101011101010111010
000011100011110011
110011001001010011
100000000000000100
001100000001011010
000101010010010010
011111011110010111
010010011110100110
010001111110111010
111000011111000000
111001010111000001
101011111111100001
001010100011000010
011011110110100000
110011111111101010
100000011101000100
000010001011000001
000010001001100011
100011001001110001
001010001100111000
000100100010111000
001001101011110010
100001001001010011
101101001011100010
111101111100100000
101011010000101001
111000010111101001
100001010001110010
101001100001100111
111100111001100001
110110101101000110
000110110011001100
000110110011111100
101000110111100100
010000110100000100
011000000111100101
101110000000100100
101100100011001100
001111000011100001
000110001101110000
000100101011011010
110000101101011100
111110001100111000
100110011110110110
110101111100101101
010111111111100100
010100011000000110
011100100000000000
110101111100000001
110110001111010001
100100000110010010
110111000001110000
100010011010110001
000100011010100100
101010011010100001
000110001011111100
010110100011100100
010000000011001101
110000100011011001
001000100110111110
000001000110001010
000011111111010010
011111101101000001
001001100100101010
111011101111101100
111010011011110111
011010110111100111
010010110011101101
011000100000000100
010000010110100101
010000000100111100
010000101101001100
010000100101101000
110000101000101001
110101111101001011
011001110101000010
000010111101011100
101000110110011000
101010111111010010
100001111101010100
101111101101001000
010111111111000101
000100110010010100
010101110011110001
100101010000110101
110101111100111110
010011011001101101
011111100000101001
110101101001101000
010101000011101001
111100101111100001
000110101000000000
110110010000110100
100000001010111101
101001110010001101
100100110010110110
111101100011100000
101011000010000101
011010100100000001
101011100110100101
101011010111010100
000111000111001000
001100010011010000
111110010001110100
010110110111010110
110110001011010000
100111011111011011
110101001111001010
100101011011000100
110110010001010111
000111000000111101
100001100110111100
001101000101111001
010001000111011001
100001011111111100
111001001011101111
110001101001000111
011001111011001111
000011101110000100
000111100010010111
101110100000000011
100010000100101000
111010000001001001
111000011011011011
101010011000011011
011110011011111100
011001111010100000
010011110010000100
000000010110110101
010000000101100100
001000010111000100
000001001101101110
001011011111111110
111111011111010101
100111010011011111
101011111001001100
111011001101011100
111001010010011100
011011010011010001
001000011001011000
011000000101111010
011101010110101011
011100011110101101
011110001100001011
011101101100110000
111110101101001000
111101111111111000
101001110110110010
000100110010010001
110111110110100000
000111010010111001
100001010000001011
100111010100011000
100100110000010000
001100110100110110
101101101101110000
100000111001100001
100110100111100011
100000100110100100
000101000001100000
010110100001111100
000110011100101100
010010000011101110
000000010010011000
010000010010010111
111001010011111000
001000011001111101
000001010100110110
101011111110010100
111011001110011100
001011001101001110
000110100000001101
000100111010101000
100110111001110010
011010111011100100
001011100001100100
000111001101100011
101011010010100000
101010100000100010
101001100011100011
100101100001101011
101100000010110010
101111110010101000
111011100100110010
010011110011110010
100011100101110111
000101100011111010
101100100001110000
110100100100110100
010101100010010000
101111100000100001
010111100100010011
110011000101110101
111001101110100110
011101110101101100
001111010101010100
011111000101000010
011001010111111000
000011111011110000
001101011101100001
011001011001010011
001001001011111010
101001011000111100
000111010001111100
000101110011011111
010100110111111010
011101111111111001
010100001011011000
110101101001010000
000011101111010001
001110101011011110
000101100000011100
010011100110110100
000110110010100100
011110010011110001
001110110000100110
101011111000011100
101101101110011111
110111001011010101
101100000101010000
000110100001011000
011000100011101100
000101100110011100
000001000010000100
101101100000100101
101111011000001000
001111001000101110
011011000100000110
010011100111010000
010110100011000100
011000100101010101
011100001101000111
001010001100011110
010100001111011000
010000000111000010
000110000111001010
001110100101010100
011100100111100100
001101110111000110
110101111101100110
110111111101101010
011110101111010000
111010100110000100
111110111110010110
111011100111000111
110010110110011000
111010000111100000
010000000110101011
010110100100011010
011101100111001001
110100110011101101
111111010010100101
010111110110001111
010101011010101110
000101100110111010
100101111100111111
101011110110010110
010011111110110101
000101101110101001
101110101110110101
111010101000010100
110011101011100100
010011110000110110
010000111000010111
011010000001000101
011000110100000000
011000000100110001
010001010110011000
001001010111101100
001010110101101100
011110111000111100
001110001010011111
001010110010110010
011111110001111001
001111100011100100
011011010111011100
111110000110111000
110000101111101001
110111001111100000
100110111101000001
110100011111011010
111001111111111000
010101010110111001
100100011100101010
000011010111101100
000000000100101001
010000110110111110
010111111100111000
011101100101101011
011000111111101000
001000000110011010
000000100110010000
001110101111000011
100110111111011010
011110111100001000
010111001001001000
010011001111101100
011110101111100101
011001111110101101
001000101100001101
101110111101000100
111011111110001100
110010011110100001
100010011010100100
000001010010101010
100111010000011011
100001110100001101
000101101110000100
100011101001010110
100110000001100111
101110111010101100
110110101110101000
101111100110100111
101011110101100001
011011000110000000
011001111100010001
111100111000111001
110000011110101100
110001010110111001
111101000010010110
111100001010000111
111010111011000101
111010101111100000
111010011100110010
100011011001101010
110001000100101110
100000010100001101
001001111001001101
011111110011000100
000111010111101100
101111000011110101
001101001001111000
011100011111011011
000110110101000000
111110100110001100
010110000111110100
000110001011010000
100111011011010100
000001010111011110
000010010101010110
010011010001110001
100111010011000010
100101011011000001
111101110011000000
111100110111010110
010100101100010100
000100001101000110
001110101001110100
011000100101100010
111110100001100011
100100110001010000
110100110011000000
110110101111010100
100111110111100010
111011010011111001
110110011101110000
101100001101000101
111001001111101000
110010011111010001
000110110101000001
011111100001010000
011100100101001001
000000101011101010
000111100111110010
010100100111010110
110100000101000110
101100001101100111
111100001101101111
011011001000101101
110011011011110110
110010001100110111
011010100010010110
000000110010110101
000010000110110111
001110000100010111
101011010000110001
111100010001011100
110101001101000100
100111001001100100
010110001101110010
010000010101111010
110000011101101110
000100010100011110
110100111100000000
000010110000101000
100011000010110000
001011010111010011
000000001101011000
110100010111010100
101111011110000000
111111011010000000
110010011000101011
010111001000101101
000101001001001010
011000000011011100
110100001001111000
100000111000100001
111101110001100101
100001110101010110
