0111011000
0110011101
0110011001
0011011101
0001110110
1001010000
1011010101
1011111110
1010011101
0010010110
1010110000
1110010001
1110010000
0010010101
1110000101
1111100100
1101110010
0100010000
0100110000
0101110000
1111110100
1111100101
1011100001
1000100001
1011110100
1110111101
1110111001
1100111101
1110110110
1111110010
1111111110
1101111010
1111011010
1011000010
1001000101
1100010000
1000010010
1110011001
1010011011
1011000000
1110110000
0110100001
0100110000
0110110101
0010110010
0011100001
1111000001
1110011010
1100011001
1111011101
1001010101
0001111110
0000110000
0010100100
0001010100
0001111110
0011101000
0010001110
0000010110
0001011111
0001001101
1000001000
0100100000
1100000001
1100000000
1010100100
1011000000
1010100110
1001000101
0101000001
0011000101
1111000101
1101100111
0101110111
0111111000
0101111110
0011011100
1001101100
1001101001
1101111000
1011101001
0111001000
0101001110
0110011101
0100011010
0101111010
0100100000
0010001000
0110101010
0000001001
1001011001
0001010010
0011110000
0001000000
0000001001
0001000110
1001001111
1100000000
0100100010
0101100000
1101111000
1100011000
1010011100
0010011000
1010001001
0000001000
0001101010
0010000000
0010011000
0011001010
0111000000
0111011000
0110010011
1100000000
1101001000
1111010000
0111110011
0110100001
0011101000
1010001001
0010100010
0011001010
0110101001
0110111000
0110101001
0010000000
0110100110
0100110000
1110110001
1111110110
0111100111
0101101101
0111111100
0001101101
1101001000
1101001011
1001101110
1001101010
1000110000
0000100110
0110101100
0111110110
1011010000
0011011000
0011011011
1011011010
0010011000
0111010100
0101110111
1101100100
1001100101
1010100001
0010100000
1010000000
0010000001
0110010100
0110110010
0000111000
1001111100
1000101111
0000100111
0001000101
1011010101
1110000100
1111000111
1111101110
1010100100
1111100100
1111100011
0111101010
0110101010
0100110010
0101110100
0001010010
0111010000
0101011000
1101011110
1001111000
1000110000
1101000000
1111001000
1101101110
1000000100
0000000011
1001000000
1011001100
1111010100
1011011111
1011011101
0011101110
0110101100
0111110110
0101111010
0001111011
0011100010
1011110001
1111010000
0111011010
0111011000
0110111010
0010011000
1011010100
1000010000
1100011110
0101001101
0001001010
0101101011
0000101101
0011011100
0011110100
0010010101
1110000100
0111001100
0111001110
1111010110
1100111100
0100100110
0100101101
1100101101
0100001101
1000101100
1010011100
0000010000
0000110000
0001110111
1000011100
0100011100
0000011111
0010001100
0110001100
0011100100
0011101110
0011101010
0010101001
1011111001
1011101001
0011101010
1001001001
0001010000
0101110110
0100110100
1110010101
0110010100
0100010100
0001011000
0000000010
0100000010
0000000000
1000010001
1001010101
1010010100
1011110111
0111101100
0101110110
0111100000
1011100000
1001111010
1011011100
0011111000
0001101011
1101111000
1101110011
1101100110
1110101100
1110110110
1100100010
1001111000
1100001000
1001000000
1000011010
1000010000
1001110100
0001010110
0011010110
1111110100
1100110101
1111110000
1011010000
1001011001
1011001001
1001000100
1000001111
1100011101
0100110100
0010000100
0010000111
0010001100
0100111100
1101110100
1100010010
1000010001
1000000000
1000000110
1010010101
1011000010
1000001100
1101111100
1101110010
0001111001
0100101000
0001101000
0011100110
0111100111
1011111100
1010110110
0110010101
0110110100
0110000100
1111100100
1011110101
1101111000
1110111101
1010101110
1111101101
1111011100
1101011010
0111111000
1111111101
0111111111
0001101100
0000000100
0000100111
0001000000
0011100010
0010010000
0010010001
0000011010
0001111011
1000011100
1010001010
1111101001
1101100110
1111101010
1110100100
1111000010
1100100000
1010010000
0110111000
1010001000
1011000011
1001010100
1101011010
1100010001
0000011000
0110001001
0000101100
0110100000
0100100001
1110110100
1111110101
0110010100
0110110010
0101010100
0110011100
0011011101
0010010010
0111110001
1111111011
1100011001
1100011001
1101011110
1101110110
1000110100
1110100101
1110100000
0111000001
0111010110
0011011100
0101010000
0011001000
0001101001
0011100000
0011100101
0000111100
1001110000
1101010100
1101010101
1000010101
0000000010
0100010110
1000110000
1110111000
1000011001
1100011001
1101001110
1011001101
1010010100
1111000100
1111010111
1111000000
1001100100
1100110100
0100010000
0101010100
0111011000
0111001011
0001011100
0000001100
1000101000
1001100011
1011010000
0001111000
1000101001
1010111100
1110111011
1111011100
1011111111
1000100100
1011100101
1111101110
0111101101
0010100000
0011100001
0010111000
0010110000
1011010001
1111011011
0101010000
0001100000
0001000011
0001110000
1000110000
0100010001
1100111010
1110111110
1000100100
1001010110
1100110101
0100110010
0000110011
0001110011
1001110111
0001010000
1001010000
1001010100
0011111100
1011111111
1010011000
0000010001
0000010101
0101000000
1100010100
0101001100
0110111100
0010111101
0011011110
0010010101
0000010100
1100011101
1100010110
1111110100
0101010101
1100000100
1001000001
1101011000
0001011100
0111001100
1110101101
1100101011
0100100100
0110111100
0101110000
0001100001
0111001000
0111100000
0110000011
1110000100
0111010000
1111010010
1101110000
1101010001
1011010101
0111000000
0101010011
0011111000
0111011000
0101010010
1100110000
0110000000
1111101000
1001111100
1101111011
1111111010
1110001010
0110001001
0010001011
0110011011
0010111100
1000001100
1100101010
0000001000
1001001001
1011101110
1001000110
1000000111
1001001010
1000111010
1100111100
1100011100
1000001010
0100101001
0000111010
1100001000
1100111010
0101101001
0101101010
0011000000
1011100010
0111101100
0011101100
0011100110
0001110100
0000111101
0100011000
0100011111
0110011100
0100110110
0001100101
1001000000
1111101000
0101110000
1111111000
1111111100
1111001110
1010000100
0000101100
1000000110
1001010000
0101000001
1101100011
0101101100
1100101100
1101111110
0101010100
0100010001
1100110010
1000111110
0000101111
0101001000
1101111000
1101110011
0101100000
1101000000
1110010100
0110111110
0010010100
0000100100
1000000111
1010010010
0010011110
0011111010
0111110100
0010010101
0010011000
0011110000
0010010000
0011011100
0010001111
0100000100
1100100100
0100010110
0101110010
1100110101
1111100101
1100101101
1100100101
1100100011
1111110000
1110111110
1111011101
1100111100
1110001100
0110011110
0110010010
0000000100
1100100101
1000001100
1001001100
0101101101
0100101000
0110101010
0111001011
1111001100
1001011101
1001001010
1000010010
1000111010
1100001010
0100011011
0100001010
0100001100
0111011100
0011001100
0001101000
0111111100
0111001100
1101001101
1110001100
0110001001
0100011010
0001011001
0011001100
0001000101
1000010100
1101110101
1101011110
1101111101
1011111001
0010101100
0011001100
1001011000
0001110010
0010100100
1011110000
1110111000
0110011100
1010001000
1111101100
1110100101
1101100100
0001010100
0111111100
1011101101
1101101000
1001110010
1011010001
1000011000
1011101000
1011000010
0011001010
0111111000
0111101100
0001100000
0100000100
0010010101
1010000010
0011001001
0011101011
0011111001
1001110100
1000111110
1110010100
1011010100
0011110110
0000110000
0000100010
0010000010
1010001011
1011001111
0011000110
0101100100
1101100011
0101000110
0101000000
0100100100
1000000100
1011001000
1010111010
0010110000
1000110100
1110010100
1000110000
1001100100
0001010110
1101001100
1001001000
0101101100
1100001101
0100001111
0010000100
0010000000
0000000111
0101010000
0110000100
0100100110
1110000101
1010010010
0010001000
0001001000
1001000000
1011010000
1011111010
1111110000
0111011000
0010111000
1110110001
1110010000
1000111000
1001110010
0001111000
1001111111
1010001100
1110011110
1010001010
1001101001
0001001001
0101010010
1001011000
1101111000
1011101000
0011001001
0101001001
0100111000
1100011010
0000111000
0011111100
0011111100
0011111011
0011111011
1011101000
1011101000
1000101100
1000100111
1000100100
0000101101
1000001010
1110011000
0110111110
1010111001
1110111110
1110011111
1010111101
1000011101
1000111100
0000011101
0001011000
1001010010
0001000011
0011100000
1011100001
1111101010
0111110010
0111100011
0101110001
0100100110
0000101100
0001101100
0011101111
0001110110
0001000100
1101011100
0101011000
0011010100
1010011101
1000110100
0010101100
1000011100
1010000110
1011010010
1011000010
1111011010
1110011111
0110011110
0100010100
0111000101
0011001101
0010011111
0010001101
0110011110
1010110100
1100110000
1111111100
1011001100
1011001011
1101000001
1110010001
1011000000
0111000001
0110011000
0111111011
1011011000
1001111010
0000110100
0100000100
1101100000
1100001000
0100100010
1100101001
1100111010
0100011100
1100011100
1101011010
1001111001
1010110000
1001010000
1111110100
0011111000
1011111100
1111101101
1100100000
1001101000
0001001001
0100011000
0111111001
1101111100
0101100110
1111100000
0111111000
0100101100
0110100101
0110000000
0010010011
1010010000
0000010001
0100110000
1110010000
1111010100
0111110010
0110011010
1111110000
1101100001
0111000100
0011000101
1011010111
1111000000
1011101000
0010001000
0010100010
0110100010
0010000000
0110011010
0100011111
0110011111
0101010100
1001110000
1010111001
1000111100
0000110101
1010111000
0000111001
0100010010
1100010011
1110010011
1101110001
1100111110
1001110100
0101111101
0011101000
0010100011
1011101001
1111101011
1101100001
0111110001
0110111011
0110111100
1110101000
1110001110
0110000010
0000010000
1100110000
1111000000
1111110000
1110010000
0110010000
0011011001
0111010011
1111010101
0111000111
0011001100
1011001011
1010101100
1000100101
1000100110
0000111110
0110111101
1010111100
1011111100
1010101000
0011110000
1011110110
1101110000
1000100001
0010100001
0110100111
0101101000
0000100000
0110100001
0101100000
0100101001
0100101001
0100100000
0000110110
0100000110
1100010101
1101010101
1100000101
1010000000
1011001010
0001001101
0100111100
0001001100
1001011010
1001101000
1100001000
1000001011
1100101011
1110001100
0100000000
0111010000
0101000110
0110010100
1110010010
0010010001
0010010011
1010100000
1010000010
0010011000
0010011110
1010011100
1000011101
1010001000
1001011001
1011011100
1000011001
1110001000
1010101011
1001011000
1011001011
0010101000
1010110010
1000111011
1010010010
0010010000
0000010110
1000000000
1010101000
1000101101
0010001101
0010001000
1011001001
1101000100
1001010100
1101001110
0101000110
0001000000
1001010000
1011000010
1101100100
0101100100
0100100111
0111000100
0110101110
0010001100
1000011100
1001101100
0101100000
0111010000
0010110000
0001110100
1001110001
1011111100
1101110100
1101011100
1101011100
1100001000
1101001001
1111001011
0110011000
0010001000
0000011011
0100101010
0101001100
0101000010
0100101000
1100101111
1100100110
1101010100
1110000100
1111001000
1010101001
1110110010
1011110101
1111010110
1010010100
1100001100
1110010110
1110000111
1110100110
1010001110
1001000101
0000110100
0000011110
0101001000
0011011000
1111101000
0110101000
1111001001
1101011001
1110101000
0010100100
0000101100
0101000100
1001000000
1111001000
1011101110
0001111000
1101101100
1101001010
1110011000
1110111100
