00011101
00100110
00100001
00101001
00001110
00001110
00110110
00010100
00101110
00100100
00111110
00101000
00110101
00011010
00110011
00101011
00111001
00000010
00101011
00101110
00111110
00010010
00110001
00000100
00010011
00000101
00110011
00111101
00111101
00101011
00011110
00000111
00101111
00011110
00000011
00100001
00110000
00000001
00110100
00001100
00000011
00110010
00111000
00000110
00010000
00001001
00111011
00000100
00011101
00001110
00100101
00011001
00101100
00001110
00110001
00100111
00010011
00000110
00001011
00011100
00001101
00111111
00111100
00010110
00110010
00011111
00100010
00011010
00111011
00110000
00110000
00101001
00000101
00011110
00111100
00111010
00110100
00111111
00010111
00101000
00000111
00001000
00001001
00001000
00110011
00111100
00000010
00101001
00101100
00000101
00100110
00011110
00010111
00110011
00111011
00111110
00001001
00101010
00001001
00111110
00101011
00110011
00011110
00011011
00100101
00011101
00111010
00110101
00011100
00101010
00001101
00101000
00101101
00101010
00111001
00001000
00001000
00101001
00101000
00001101
00100110
00011110
00010000
00111100
00000100
00000000
00110111
00100001
00011011
00001100
00000010
00111000
00010110
00001101
00111011
00000110
00101001
00110010
00011010
00101101
00000000
00101110
00101000
00100000
00001001
00101100
00001001
00110000
00011101
00101001
00101111
00000000
00110100
00101111
00010010
00000011
00011001
00110011
00101010
00101101
00110110
00001100
00001001
00100101
00011011
00100110
00010100
00100000
00100110
00010100
00110011
00100011
00000011
00011000
00011001
00010100
00011111
00110001
00010011
00010010
00001011
00010110
00101101
00101010
00100011
00001111
00100101
00101011
00100011
00011011
00010000
00110110
00110010
00010100
00011000
00100110
00011101
00011010
00001011
00011001
00100101
00101010
00011100
00101000
00101000
00000010
00111101
00100101
00100111
00000000
00111010
00011111
00011101
00001111
00011000
00011110
00101110
00101110
00000100
00001110
00000010
00111010
00100111
00111001
00000001
00111000
00101010
00011010
00101111
00000101
00110111
00100100
00011101
00000101
00011000
00100111
00100111
00101000
00110011
00010000
00111100
00100010
00101110
00000001
00111111
00111001
00000010
00110011
00111101
00010100
00100010
00111000
00110010
00110110
00101110
00001101
00101011
00101110
00000111
00001000
00101100
00111111
00010010
00000110
00011101
00101001
00111000
00100110
00101101
00011000
00010000
00110111
00010111
00001110
00001010
00100101
00000001
00000011
00011100
00111101
00001010
00101110
00000101
00110011
00100000
00110000
00010111
00001111
00101110
00010100
00010011
00000100
00010011
00001000
00101110
00100111
00000001
00000000
00110011
00100010
00100001
00110100
00011111
00111000
00001000
00110110
00001100
00111001
00110010
00111100
00101000
00100101
00101100
00011011
00010111
00001010
00100111
00010001
00010010
00101101
00010011
00011110
00101001
00100101
00010001
00010001
00011011
00110000
00101100
00000000
00000010
00001011
00100110
00101010
00010101
00000010
00011110
00111010
00110101
00111000
00101110
00000110
00111010
00110111
00001111
00101110
00010111
00011110
00001000
00110010
00100111
00101011
00000111
00010011
00100010
00011110
00110000
00101001
00000001
00110110
00100001
00001001
00110111
00100101
00110001
00011111
00110111
00000010
00111111
00001011
00010010
00011001
00101111
00011001
00000101
00111100
00110010
00000100
00110100
00100001
00110111
00100010
00001101
00001111
00110111
00010011
00010010
00001011
00100000
00000111
00000110
00101010
00010000
00001000
00001111
00011111
00001011
00000001
00000101
00001010
00000110
00101100
00100110
00000110
00101111
00110101
00110101
00101010
00011011
00010110
00000111
00111001
00101100
00101101
00111011
00100000
00010110
00111111
00010011
00110111
00001001
00100111
00111011
00110000
00100000
00000001
00101100
00000001
00111101
00100001
00000011
00001000
00001001
00000010
00101111
00110110
00111000
00011000
00011101
00010010
00111101
00010010
00100100
00001010
00111010
00010000
00000011
00001000
00101001
00000110
00111010
00100010
00010011
00111001
00010100
00100110
00110010
00110000
00011001
00101101
00000010
00110110
00100001
00000111
00111011
00011111
00001001
00100101
00100111
00000101
00010101
00100111
00001110
00001101
00010001
00110011
00000000
00011100
00100111
00001001
00001001
00110010
00110110
00001101
00111001
00101110
00100001
00111111
00100001
00010011
00011101
00010100
00001100
00100001
00010100
00111000
00001101
00100000
00111110
00011100
00110101
00011101
00101010
00001010
00111100
00001011
00010110
00001100
00111011
00101000
00100111
00001001
00001000
00111011
00110010
00100101
00111100
00010000
00101011
00110000
00100110
00011100
00110101
00000100
00010101
00010111
00011010
00001101
00000101
00110000
00001110
00001010
00011001
00111011
00010000
00011110
00100001
00011010
00111100
00010001
00111101
00110100
00000010
00001001
00101101
00100000
00101101
00110100
00001010
00000011
00011100
00101110
00001011
00001011
00101100
00001001
00010101
00000001
00100011
00101111
00000111
00001000
00110001
00001011
00001111
00100001
00111110
00001001
00011001
00011100
00001010
00111100
00111100
00111110
00001101
00100010
00000101
00001001
00010010
00010101
00001111
00110100
00000010
00100110
00000010
00110000
00101001
00010000
00110001
00010101
00001101
00101111
00001000
00001100
00011100
00101010
00000001
00011100
00100000
00110101
00111111
00010101
00101011
00000001
00100111
00111101
00011000
00010111
00011100
00111110
00010000
00110101
00010010
00010110
00111101
00011100
00000101
00110111
00001001
00111000
00100111
00111110
00000101
00110100
00000001
00001101
00110011
00011011
00101110
00100111
00000010
00101011
00001111
00100111
00011010
00100100
00110011
00000110
00000011
00111010
00100111
00110010
00000100
00001110
00000100
00100110
00110111
00011101
00100110
00010010
00111110
00000011
00001110
00100000
00001010
00011101
00010010
00110110
00000101
00111110
00011000
00100111
00111011
00001111
00110001
00110111
00001001
00000101
00111111
00101100
00001000
00111110
00010101
00011010
00101000
00110000
00010010
00000111
00101100
00111011
00110010
00010001
00110100
00000000
00010001
00101011
00100001
00100111
00101111
00010001
00011010
00010000
00111110
00100101
00110011
00111110
00111111
00110000
00001110
00100001
00000010
00110111
00000110
00010100
00010111
00110010
00011101
00011011
00110010
00110010
00111101
00010101
00010010
00110011
00110001
00111111
00111101
00000101
00001011
00011110
00001000
00110101
00100011
00010000
00111001
00011001
00111100
00100101
00000010
00010111
00111001
00010100
00110101
00111100
00111001
00111101
00001010
00100010
00011000
00111100
00001001
00000011
00011111
00011100
00010000
00011100
00100110
00110101
00101011
00001100
00001011
00110110
00110001
00001100
00011000
00110111
00111111
00000001
00111111
00111000
00110011
00111110
00001110
00010111
00100101
00000000
00000111
00000110
00100000
00111001
00001101
00010100
00010010
00101001
00101010
00001101
00111100
00111001
00100001
00100010
00011101
00000111
00111000
00110010
00101110
00011011
00001001
00000011
00011101
00110011
00001100
00011010
00011111
00110111
00001111
00011100
00111000
00110110
00110110
00110110
00000110
00010011
00001100
00011110
00100001
00011101
00001000
00100111
00110100
00001011
00000100
00101011
00001100
00111001
00011011
00101100
00001010
00011011
00110011
00101110
00011001
00111010
00001011
00111011
00111001
00101101
00100100
00010101
00011111
00111011
00010011
00011010
00011011
00001011
00101110
00000110
00101110
00100100
00000011
00000010
00011111
00100111
00101100
00011000
00010000
00010010
00101001
00010000
00001111
00011100
00010100
00110001
00100111
00010111
00111111
00100101
00101101
00011100
00110100
00001100
00111110
00001101
00000001
00011101
00010011
00001100
00000101
00011001
00001001
00111010
00000101
00010000
00010010
00011000
00000110
00110010
00010111
00100010
00110010
00001101
00111001
00011000
00110010
00011001
00111001
00011101
00001110
00010010
00010110
00111100
00110010
00111100
00001000
00010010
00000011
00111110
00010101
00000110
00000110
00111001
00111011
00100101
00010000
00100010
00000100
00101001
00000010
00110100
00010011
00101111
00110001
00110110
00001011
00101110
00001111
00100100
00100011
00100110
00110000
00011110
00011000
00001010
00001100
00010111
00010100
00101001
00010100
00011101
00101001
00001001
00011011
00011110
00101110
00100011
00110101
00011101
00010011
00100011
00011000
00001110
00001111
00110011
00111111
00000001
00110000
00011011
00101010
00111010
00100010
00110111
00011010
00001001
00000001
00000111
00001011
00100110
00100111
00111010
00000100
00011111
00000110
00001010
00000010
00001000
00100011
00110000
00100000
00010110
00011001
00001110
00111100
00111000
00101101
00110000
00101010
00001100
00100001
00110101
00001110
00111001
00000010
00110001
00101111
00000100
00111011
00010001
00000111
00010111
00010101
00100011
00010110
00101000
00100011
00010010
00101110
00000111
00010100
00010100
00010001
00000000
