01110110
01101000
01101001
00111000
11101101
10010100
10111010
01001111
10101000
11010101
10101100
11101011
11100100
00101010
11101110
11111001
00101100
01000100
01001100
01011100
11111101
11110110
10110111
10000111
10111101
11100000
11100001
11000000
00011101
00001100
00001111
00101110
00000110
01000000
10011110
11000100
01110100
11101001
01011001
10110000
11101100
01100111
01001100
01100010
11011100
00110111
11111111
00010110
11001001
11111000
10011010
11101111
00001100
00101001
00010101
11101111
00111010
11010011
11110101
11101000
00011100
10000010
01001000
11001111
11000000
10101001
10110000
01011001
10011110
01011111
00111110
11111110
00100110
10100010
01111110
10101111
00110111
10011011
10010101
11011110
10110101
01110010
10100011
01101000
10110110
10101110
01001000
00100010
10011010
00001101
10011001
11100100
00111100
00010000
00001101
11100001
01101100
11000000
10111000
01011000
11011110
11000110
10100111
00100110
10101101
00000010
11101010
00100000
00100110
11000010
01110000
01110110
10011011
11000000
11010010
11110100
10000011
01100111
00111010
10101101
11011000
11000010
01100101
01101110
01100101
00100000
10011001
01001100
11100011
00001101
10000110
01010100
01111111
00010100
11010010
00101101
01101011
01101010
10001100
11111001
01101011
10001101
10110100
00110110
11001001
01000110
00100110
01110101
10100010
11011001
10010110
10100111
00101000
10100000
00101111
01100101
10011100
00001110
10011111
01110100
11110110
00011110
10111010
11100001
00001110
00001011
10101001
11111001
00000111
10001010
10011010
10111100
01011101
11100100
01110100
01010110
00100111
10011110
10001100
11010000
11110010
00101011
10000001
11111111
10010000
10110011
11110101
01001000
10111000
11001011
01101011
10001101
10101110
11100001
11001000
10110011
11110100
10000110
01110110
10011110
00100110
10110101
10000100
00110111
01011100
11100010
10100101
00000100
00110111
00111101
00101010
11100001
01110011
10000011
00000101
11001111
10111001
01000100
11000100
01001100
10001011
10100111
00000100
00001100
11100010
10000111
01000111
11111000
00100011
01100011
00111001
11001011
11001010
00100101
10110001
10110101
11001010
10011101
00010100
10101101
01001101
11101010
01100101
01000101
00010110
11110000
10110000
00000000
10001011
10011010
10100101
01000010
01111011
10101101
01111000
10111000
01101110
10110111
00111110
11100101
11011110
00100011
00101001
11101011
00011101
00111000
10011110
11000010
10010000
01110110
10000100
10011101
11100101
11000101
11111101
11000010
11111100
10110100
10011001
10111101
10010001
01111100
11001000
01001101
00100001
11011110
00100011
01001111
11011101
00110100
10001011
10000000
01110001
10101010
01000000
10000011
11011111
00101100
00010001
01001010
00011010
11001001
10000110
10111111
01011101
01101010
01101101
01100001
11111001
10110010
11011110
11100000
01011011
11110100
11110111
00100110
01111110
11110000
10000000
00011011
00000001
11110110
00010000
11001000
00100100
00101011
11110110
11100001
10000111
01010010
11110101
00101001
00001010
11101001
00000000
11001000
10100100
01101110
10100010
01001111
10010101
00100110
11001011
00000110
01101101
00001011
01101000
01000111
11101101
11110010
01100101
10011100
01010101
01100111
00111000
11010100
01110011
00000001
11001001
11001001
00100111
00101101
10001101
11100110
11101000
01111111
10000101
00110111
01010100
00110010
00010101
00111000
00110110
00001111
10011100
11010101
11011010
10001010
11110000
10110101
10001100
11101110
10001001
11001001
00100011
10111100
10100101
11110001
00001010
11110000
10011001
11001101
01000100
01010101
01110110
10001101
00010111
00000011
10001010
01100111
10110100
00011110
10000101
10101111
00010001
11110111
01000000
10001001
10110110
00001011
01110100
00101000
00110111
00101110
00101100
10111011
00001001
01010100
00011000
11101111
00011100
10001100
01001011
00111110
00011111
10001001
01100101
11000010
10111100
11110011
11100011
01100010
00010100
10010100
10010101
00111111
01000000
10100110
00001011
00001010
01010000
11000101
01010011
01101111
00100000
11000111
00101010
00000101
11001000
00110101
11111101
01011010
11000001
10011111
11010110
00010111
01110011
11100100
00110101
01001001
01101111
01011100
00010111
01110010
01111000
10011111
11100001
01110100
00000100
11011100
11011011
10111010
01110000
10101011
00111110
01110110
10100100
11001100
01100000
11111010
10011111
00100001
00001110
00010010
01101101
11011101
10011001
00101111
10000011
00111010
00000010
10011101
01001011
01100001
01111110
01100010
01111110
11001111
11000111
01110010
01000101
11111110
11000010
00111110
01010101
10101010
00110000
01001000
01111011
00111011
11001001
00011101
00000000
01000110
10111000
01100111
10111101
00010110
10010000
11111010
01011100
11111110
11111111
00000011
10100001
00001011
01110001
10010100
01011111
00100111
01011011
11001011
00101111
01010101
01001011
00111100
01111111
11110100
01010010
11011110
00100011
01011000
11010000
11100101
10011111
00100101
00001001
01111110
01010100
11010111
11001110
01111101
00101010
00100110
00111100
00100100
00110111
11011100
01000001
11001001
10110101
10101100
11000010
11110110
11000100
11000110
00110111
11111100
00011111
11111000
11001111
11100011
10010111
10010100
00000001
11000110
10000011
10010011
01010100
01001010
10011010
10001101
11110011
10011000
01100010
01110100
01111110
00110010
10111001
10110010
01000011
01110111
00110011
00011010
01111111
01110011
11011100
11100011
01101101
10110110
00011001
00110011
00011110
10000101
11010010
00100111
11010000
10110001
00101011
00110011
10010110
11101100
00101001
10111100
11101110
01100111
10100010
11111011
11100110
11011001
00010101
01111111
10110100
11011010
01101100
10111011
10000110
10111010
01000000
11000010
01111110
01111011
00011000
01000001
00101010
01010000
00111101
11000101
00110001
10011101
01111111
11100101
10110101
11001101
00001100
11111000
11010000
01011101
01001100
11000001
01011001
00100111
10100001
01010000
01001001
10000001
10110010
01011110
00101100
10001101
11100101
10001100
10011001
11100101
11010011
10010010
01011011
11001100
10111100
00100001
00100000
11111110
01010100
01100001
10111001
11101110
01010100
00100010
00010010
10010000
10110100
01001110
11111100
01110110
00101110
11100011
11100100
10001110
01101100
00011110
01100000
10100011
00010111
01010010
10010101
00011101
10100100
10010110
11011110
10111010
00111101
01011101
01001110
00110110
00001110
00111111
00111111
11000001
11000001
10111010
10111010
10001011
01110110
10001001
00000100
01110010
11100110
10011111
10100001
00011111
00011000
10100000
10001000
10001111
00001000
00010110
01100100
11101111
00111000
10110111
00001010
10001100
10000111
01010011
10111001
00001011
00011011
11000100
11101101
00010001
11010111
01010110
00110101
10101000
10001101
00101011
10000111
01010001
01000100
01000000
00000110
00011000
10010111
01000101
01111110
00111100
11011000
00101100
10010111
10101101
11001100
11111111
10110011
01001101
11011111
11101011
10110000
01111111
01100110
10000001
10110110
01101110
00001101
01000001
11011000
11000010
10111000
11000101
00111110
01000111
11000111
00100110
10010001
10101100
10010100
11111101
00111110
10111111
11110100
11001000
10011010
00011101
01000110
01110001
11011111
10101001
11111000
01111110
01001011
01100110
01100000
11011011
10100100
00001011
01001100
11100100
11110101
10001100
10010110
11111100
11010111
01110001
00111110
01001010
11110000
10111010
00100010
11011000
10011000
00100000
10010110
10111000
10011000
01010101
10011100
10100001
10001111
00000010
10101110
00000001
10110100
00111011
00011011
11010011
00111111
10011101
01010000
00111010
11010111
10110101
00000101
11010111
01110011
10010001
01101111
11101010
00010011
10010000
00000100
11001100
11110000
11111100
11100100
01100100
00111001
10001011
11111010
10001110
00110011
01001101
10101011
10000110
01111001
11111111
01100000
10101111
10111111
10101010
00111100
01001101
11011100
10000111
00100111
10010110
01011010
00001000
01100111
01011000
01000101
01000101
01001000
11111101
10110001
11001010
11011010
11001110
10100000
01000010
00011100
01001111
00010011
01100110
10011010
11000010
01111101
00110101
11100011
01000000
01110100
10100001
01100101
00010100
00101011
11011011
10101000
01010000
00100110
11010111
10100111
10001000
10100010
10011001
10110111
10001001
11100010
01010101
10010110
01001101
00101010
01011100
01110001
01010100
00100100
11110101
10000000
10101010
10000100
00101100
00100010
10111101
11010001
10010101
00100011
10100001
00010000
10010100
01000000
11011001
01011001
10110110
01110001
10011011
00100011
10000111
10011011
01011000
01110100
00101100
00011101
10010011
10111111
11011101
11010111
11010111
11000010
11011101
00001101
01100110
00100010
11111001
10111010
01010011
10100000
01001010
00110100
00111001
11010101
11100001
11110010
10100101
00011100
10110010
00000101
10100101
11000011
00010101
00011110
00011001
01010011
10011110
00001101
11110111
01010010
00110110
11111010
01101010
11111101
11011001
11101010
00101001
00001011
01010001
10010000
11110010
01001011
00011110
11011011
00100010
11100110
11101111
