0111011001101000
0110100100111000
1110110110010100
1011101001001111
1010100011010101
1010110011101011
1110010000101010
1110111011111001
0010110001000100
0100110001011100
1111110111110110
1011011110000111
1011110111100000
1110000111000000
0001110100001100
0000111100101110
0000011001000000
1001111011000100
0111010011101001
0101100110110000
1110110001100111
0100110001100010
1101110000110111
1111111100010110
1100100111111000
1001101011101111
0000110000101001
0001010111101111
0011101011010011
1111010111101000
0001110010000010
0100100011001111
1100000010101001
1011000001011001
1001111001011111
0011111011111110
0010011010100010
0111111010101111
0011011110011011
1001010111011110
1011010101110010
1010001101101000
1011011010101110
0100100000100010
1001101000001101
1001100111100100
0011110000010000
0000110111100001
0110110011000000
1011100001011000
1101111011000110
1010011100100110
1010110100000010
1110101000100000
0010011011000010
0111000001110110
1001101111000000
1101001011110100
1000001101100111
0011101010101101
1101100011000010
0110010101101110
0110010100100000
1001100101001100
1110001100001101
1000011001010100
0111111100010100
1101001000101101
0110101101101010
1000110011111001
0110101110001101
1011010000110110
1100100101000110
0010011001110101
1010001011011001
1001011010100111
0010100010100000
0010111101100101
1001110000001110
1001111101110100
1111011000011110
1011101011100001
0000111000001011
1010100111111001
0000011110001010
1001101010111100
0101110111100100
0111010001010110
0010011110011110
1000110011010000
1111001000101011
1000000111111111
1001000010110011
1111010101001000
1011100011001011
0110101110001101
1010111011100001
1100100010110011
1111010010000110
0111011010011110
0010011010110101
1000010000110111
0101110011100010
1010010100000100
0011011100111101
0010101011100001
0111001110000011
0000010111001111
1011100101000100
1100010001001100
1000101110100111
0000010000001100
1110001010000111
0100011111111000
0010001101100011
0011100111001011
1100101000100101
1011000110110101
1100101010011101
0001010010101101
0100110111101010
0110010101000101
0001011011110000
1011000000000000
1000101110011010
1010010101000010
0111101110101101
0111100010111000
0110111010110111
0011111011100101
1101111000100011
0010100111101011
0001110100111000
1001111011000010
1001000001110110
1000010010011101
1110010111000101
1111110111000010
1111110010110100
1001100110111101
1001000101111100
1100100001001101
0010000111011110
0010001101001111
1101110100110100
1000101110000000
0111000110101010
0100000010000011
1101111100101100
0001000101001010
0001101011001001
1000011010111111
0101110101101010
0110110101100001
1111100110110010
1101111011100000
0101101111110100
1111011100100110
0111111011110000
1000000000011011
0000000111110110
0001000011001000
0010010000101011
1111011011100001
1000011101010010
1111010100101001
0000101011101001
0000000011001000
1010010001101110
1010001001001111
1001010100100110
1100101100000110
0110110100001011
0110100001000111
1110110111110010
0110010110011100
0101010101100111
0011100011010100
0111001100000001
1100100111001001
0010011100101101
1000110111100110
1110100001111111
1000010100110111
0101010000110010
0001010100111000
0011011000001111
1001110011010101
1101101010001010
1111000010110101
1000110011101110
1000100111001001
0010001110111100
1010010111110001
0000101011110000
1001100111001101
0100010001010101
0111011010001101
0001011100000011
1000101001100111
1011010000011110
1000010110101111
0001000111110111
0100000010001001
1011011000001011
0111010000101000
0011011100101110
0010110010111011
0000100101010100
0001100011101111
0001110010001100
0100101100111110
0001111110001001
0110010111000010
1011110011110011
1110001101100010
0001010010010100
1001010100111111
0100000010100110
0000101100001010
0101000011000101
0101001101101111
0010000011000111
0010101000000101
1100100000110101
1111110101011010
1100000110011111
1101011000010111
0111001111100100
0011010101001001
0110111101011100
0001011101110010
0111100010011111
1110000101110100
0000010011011100
1101101110111010
0111000010101011
0011111001110110
1010010011001100
0110000011111010
1001111100100001
0000111000010010
0110110111011101
1001100100101111
1000001100111010
0000001010011101
0100101101100001
0111111001100010
0111111011001111
1100011101110010
0100010111111110
1100001000111110
0101010110101010
0011000001001000
0111101100111011
1100100100011101
0000000001000110
1011100001100111
1011110100010110
1001000011111010
0101110011111110
1111111100000011
1010000100001011
0111000110010100
0101111100100111
0101101111001011
0010111101010101
0100101100111100
0111111111110100
0101001011011110
0010001101011000
1101000011100101
1001111100100101
0000100101111110
0101010011010111
1100111001111101
0010101000100110
0011110000100100
0011011111011100
0100000111001001
1011010110101100
1100001011110110
1100010011000110
0011011111111100
0001111111111000
1100111111100011
1001011110010100
0000000111000110
1000001110010011
0101010001001010
1001101010001101
1111001110011000
0110001001110100
0111111000110010
1011100110110010
0100001101110111
0011001100011010
0111111101110011
1101110011100011
0110110110110110
0001100100110011
0001111010000101
1101001000100111
1101000010110001
0010101100110011
1001011011101100
0010100110111100
1110111001100111
1010001011111011
1110011011011001
0001010101111111
1011010011011010
0110110010111011
1000011010111010
0100000011000010
0111111001111011
0001100001000001
0010101001010000
0011110111000101
0011000110011101
0111111111100101
1011010111001101
0000110011111000
1101000001011101
0100110011000001
0101100100100111
1010000101010000
0100100110000001
1011001001011110
0010110010001101
1110010110001100
1001100111100101
1101001110010010
0101101111001100
1011110000100001
0010000011111110
0101010001100001
1011100111101110
0101010000100010
0001001010010000
1011010001001110
1111110001110110
0010111011100011
1110010010001110
0110110000011110
0110000010100011
0001011101010010
1001010100011101
1010010010010110
1101111010111010
0011110101011101
0100111000110110
0000111000111111
0011111111000001
1100000110111010
1011101010001011
0111011010001001
0000010001110010
1110011010011111
1010000100011111
0001100010100000
1000100010001111
0000100000010110
0110010011101111
0011100010110111
0000101010001100
1000011101010011
1011100100001011
0001101111000100
1110110100010001
1101011101010110
0011010110101000
1000110100101011
1000011101010001
0100010001000000
0000011000011000
1001011101000101
0111111000111100
1101100000101100
1001011110101101
1100110011111111
1011001101001101
1101111111101011
1011000001111111
0110011010000001
1011011001101110
0000110101000001
1101100011000010
1011100011000101
0011111001000111
1100011100100110
1001000110101100
1001010011111101
0011111010111111
1111010011001000
1001101000011101
0100011001110001
1101111110101001
1111100001111110
0100101101100110
0110000011011011
1010010000001011
0100110011100100
1111010110001100
1001011011111100
1101011101110001
0011111001001010
1111000010111010
0010001011011000
1001100000100000
1001011010111000
1001100001010101
1001110010100001
1000111100000010
1010111000000001
1011010000111011
0001101111010011
0011111110011101
0101000000111010
1101011110110101
0000010111010111
0111001110010001
0110111111101010
0001001110010000
0000010011001100
1111000011111100
1110010001100100
0011100110001011
1111101010001110
0011001101001101
1010101110000110
0111100111111111
0110000010101111
1011111110101010
0011110001001101
1101110010000111
0010011110010110
0101101000001000
0110011101011000
0100010101000101
0100100011111101
1011000111001010
1101101011001110
1010000001000010
0001110001001111
0001001101100110
1001101011000010
0111110100110101
1110001101000000
0111010010100001
0110010100010100
0010101111011011
1010100001010000
0010011011010111
1010011110001000
1010001010011001
1011011110001001
1110001001010101
1001011001001101
0010101001011100
0111000101010100
0010010011110101
1000000010101010
1000010000101100
0010001010111101
1101000110010101
0010001110100001
0001000010010100
0100000011011001
0101100110110110
0111000110011011
0010001110000111
1001101101011000
0111010000101100
0001110110010011
1011111111011101
1101011111010111
1100001011011101
0000110101100110
0010001011111001
1011101001010011
1010000001001010
0011010000111001
1101010111100001
1111001010100101
0001110010110010
0000010110100101
1100001100010101
0001111000011001
0101001110011110
0000110111110111
0101001000110110
1111101001101010
1111110111011001
1110101000101001
0000101101010001
1001000011110010
0100101100011110
1101101100100010
1110011011101111
0010001111000101
1111001010110101
0101101011101110
0100011010111110
0000000010111110
1100000011101011
0001010110101001
1100110010010111
1111001001101111
1101011011011110
1101110110001010
0100011111010001
0010000001001111
0111010010010101
1111100111100101
0101101110010100
1101000100010000
1101011100101101
1111000000001010
0101011111000111
1000011011001000
1101111100011110
1001000101010110
1100001000100111
1001110101000010
0110010010010101
1100000001111011
0001100100011110
1110111001001010
0110001001110111
0001011111110000
0100000110101010
0100111111011000
0101010001010111
0011111010001011
1001001110110001
1011100000110111
1010100000101111
1110100111110101
1001010010001101
0111000000110100
1000101001000000
1101001001100110
0101111101001001
1111101010011000
0111010111101101
0110010100001101
1010000001010010
1111011111101011
0111101000000011
1010111001011000
1001111010001001
0010010101111000
1110110011010011
1101000110100100
0001100101001001
1000011101010001
1100001100011010
0000100000000010
1111000110111011
0111000011110110
1001001001100110
0110000010110101
1101011011101100
0100110111000110
0101000111010111
0010100000110010
1001011100011111
1000000110111000
0011101000100111
0000010101101000
1111101001111100
1100000011110011
1000010001111010
0111000001111111
0011101111100011
0101110001111100
1111101111001010
0100101001000011
1110111001001110
0111000011111011
1010011000100000
0001101100101101
1100101101101010
0111010110010010
0101000100001001
1110010000111100
0010001001111110
0010011100110101
0000000101000111
1011001011101010
0000010100111000
0101000010110010
0100111100100110
0111111100011001
1010000010010000
0111001110010011
1110010100101101
1010011100110100
0100100101111000
0101001101101111
0101000110101110
1111000111000011
0011001101101011
1000000000000001
1100111100010110
1110101000100100
1000001000011010
1011011011101001
1011100011101110
1110000111110000
1110010110001111
1010111100000111
1101010100110000
0110111101101000
0011000011111010
1000000111010001
0000100001001111
1111011101100111
1000110001100011
0010100011001110
0001001000101110
1101100110111100
0111101101101011
0100101110111000
1111011111001000
1010110111110101
1110000110000101
0111101000011100
0101100111100110
1111001101100111
0010010111010001
0001101100110011
0001101100111111
1010001101111001
0100001101000001
0110000010000110
1011100000001001
1011001000110011
0011110011000111
0001100011011100
1110110110110110
1100001011010111
1111100011001110
0110011011101101
1101011100110100
0101111111111001
1010111010000001
0111001000000000
1101011100111111
1101100000001011
0110111101100100
1101110000011100
1000100101010011
0001000110101001
1010100101010111
0001100010111111
0101101000111001
0100000011001100
1100001011001001
1101110101101111
1111101101100010
1111000011110100
0111111000101111
1101100101001010
1110111011111011
0001011001000010
1001010010000110
0100101111000100
0110001000000001
0100000110010110
0100000001001111
0100001011010011
0100001001011010
1100001001110101
0010100000101101
1001100001010000
0000101111010111
1010001101100110
0101010011110100
1000011111010101
1011111011010010
0101111100001110
0001001100100101
0101011111000011
1001010111110010
0010100011001111
0100110101100100
0111111011110101
1101011010011010
0101010011000101
1111001000000111
0001101010000000
1101100100001101
1000000001010000
1010011111011100
0110110000101101
1111011000111000
1010110011011110
0110101010111111
1010111010010110
1010110101110101
0001110001110010
0011000100110100
1111100100011101
1010010001110101
1101100010110100
0110001000001001
0010101111110010
1001010110110001
0010011011101010
0001110011110000
1000011001101111
0011010010100001
0100010010001001
1000010111111111
0001101101000100
0011100101101110
1001100001001100
0000111011100001
1110000111011010
0100010111111111
1000100001001010
1110100011101101
0001111001001001
0101011001111001
0111100110111111
0110011110101000
0100111100100001
0000000110010010
0100000001011001
0010000101110001
1111101111011011
1101001011111111
1111110100001010
0110001011001000
1010111110010011
1110110011010111
1110010100100111
0110110111001011
0010000110010110
1001111101011110
1000101010010101
0111000100010100
1000011100111101
0111011011001100
1111101011010010
1111011111111110
0101100001101100
0001001111011011
1101111101101000
0001110111010001
0111101011111101
1001110101000110
1001001100000100
1100110001001101
1011011011011100
1000001101100111
0110010110000111
1000001001101001
0001010000011000
0101101000011111
0001100111001011
1011011100111011
0000000100100110
1011111011011010
1110010100111110
0010000101100000
1111101001001101
1010111111100101
1110110011100111
1101001111010011
0001101011111100
0001001110101010
0110010010011100
0110101110111001
0010111000011001
1110001100100111
1010110100101000
0101010100001000
0101100111000111
0110100111100101
0100111100101100
1011111100101010
0001000101001100
1011000000111100
0111000110100010
1110100100111110
1011001000011100
1101001001001101
0101011000100100
1011111011110111
1010000110111011
1100110010100010
0001100111101001
0111011101011011
0011110101010101
1000001101010000
0110010101111110
0000111110111100
0011010100100111
1001101001101011
1101101110111110
1010010110001111
0001110100011111
1110100011001000
1010110001111110
0111011100000001
0101000010110110
1101011010010100
0000111000001011
1100010110110111
0001011000000111
0100111001101101
0001101100101001
0111100111000011
1100010000001001
1010111110000111
0100100100011000
1101110001001010
1011000001010100
0001101000010110
0110001000111011
0001011001100111
0000010000100001
1011011011110110
1011110110000010
1100001110001011
1001001101000001
0100111001110100
0101101000110001
0110001010101010
1000111100101110
1101011111000111
0101000011110110
1011111101110000
1110011101110010
0011101001010101
0111001001111001
1100100001110001
0010100011011001
0010000011011010
0111101011110100
1110101001100001
0000010011100101
0001000110001110
1100101101100110
1110100001111000
1011111110010101
1010010101000110
0111011010001101
1101001111000100
1111110111010110
1010000010011100
1010101010101011
1110100101101110
0110100000110000
0101000001100101
0100111100010010
0001011000010101
1011101000010010
1110101010000101
1100111010111001
1011000000001101
1011110001111010
0110100011101110
0110001101000000
0110000010110011
0100010101100110
0010010101111011
0010101101011011
0111101110001111
1100011101011000
1101010000101100
0111111111100001
0011111000111001
0110110101110111
1111100001101110
1100001000000101
1101110011111000
1001101100101111
0010111011110110
1110011111111110
0101010110010001
0110111011001010
0000110101111011
0000000010110101
1011110001101111
0101111111001110
1000100110100101
0110001111111010
1101111101100110
0000001001100100
1100010100001111
0110010011110110
0111101111000010
0101110010010010
0100110011111011
0111101000000110
0110011100010100
0010001000111100
1011101111010001
1110111111100011
1100100100010111
1000100110101001
1111101000101010
0110001011111001
1000011110111100
0001011011100001
0111000110010101
0110011111100110
1011101110101011
1101101011101010
0100000110010110
1010111110100111
0110110001100000
0110011100111011
1111001101110001
1100000111101011
1100010110010001
0000101100100101
0000111101011110
1110101101001110
1110101011111000
0001011011001100
0111001010011010
0011101101001011
1000000110111100
0010011101101100
0111111100110001
0001110101111011
1011110011000010
0011010010011110
1000111000001001
0001101101010000
1111101001100011
0101100001111101
0001100010110100
1001110110110101
1111101001110111
1111011001010101
0100110111100011
0110001000110000
1001010101001111
1111011100110000
0000110001110101
0101001011000101
1110111111010001
0011101010011101
1001110101011000
0000010111100111
1001001100010100
1101001100110000
1101101011110101
0110000001111000
1110110111000001
1101100111011100
1011000000101110
1110010011111010
1100100100001011
0001101110101111
0111111000010100
0111001010101101
1111110110111010
1110000101111100
1010110101110101
0010111101010001
0100111100100110
0000111100100100
0110110001110100
0011001010111101
0011011100110010
1001010100100101
0000001111010010
1111011110010010
1100011110111010
1010110111110011
1111000100010111
1101010011010001
1001110010011001
1010011111011100
1011111001011110
0011111011011011
1110111001000111
1101001111000000
0000101100001010
1000110000101100
1101001010001011
0000000011010110
1101000101110101
1011110111100000
1111110110100000
0011011001110101
0101110001110100
1110101110010010
0110000000110111
1101000010011110
1000001101110111
1111011111100110
0111100001010101
