0000000000000000
0000000000000001
0000000000000010
0000000000000011
0000000000000100
0111111101011011
0111111101011100
0111111101011101
0111111101011110
0111111101011111
1101011001000011
1101011001000100
1101011001000101
1101011001000110
1101011001000111
0000001101111000
0000001101111001
0000001101111010
0000001101111011
0000001101111100
1100110110011000
1100110110011001
1100110110011010
1100110110011011
1100110110011100
1000100111111100
1000100111111101
1000100111111110
1000100111111111
1000101000000000
1011001001111011
1011001001111100
1011001001111101
1011001001111110
1011001001111111
1110100010111100
1110100010111101
1110100010111110
1110100010111111
1110100011000000
0101111111011001
0101111111011010
0101111111011011
0101111111011100
0101111111011101
1011110000011010
1011110000011011
1011110000011100
1011110000011101
1011110000011110
0001100001100101
0001100001100110
0001100001100111
0001100001101000
0001100001101001
1011000010110101
1011000010110110
1011000010110111
1011000010111000
1011000010111001
1110101001101001
1110101001101010
1110101001101011
1110101001101100
1110101001101101
0101110001011101
0101110001011110
0101110001011111
0101110001100000
0101110001100001
0111101110000101
0111101110000110
0111101110000111
0111101110001000
0111101110001001
1000110001000110
1000110001000111
1000110001001000
1000110001001001
1000110001001010
0111001001000111
0111001001001000
0111001001001001
0111001001001010
0111001001001011
1100101101100011
1100101101100100
1100101101100101
1100101101100110
1100101101100111
1001001011111010
1001001011111011
1001001011111100
1001001011111101
1001001011111110
1000100011010011
1000100011010100
1000100011010101
1000100011010110
1000100011010111
1000010111010001
1000010111010010
1000010111010011
1000010111010100
1000010111010101
0001010001110010
0001010001110011
0001010001110100
0001010001110101
0001010001110110
1101100100111101
1101100100111110
1101100100111111
1101100101000000
1101100101000001
0111011010000110
0111011010000111
0111011010001000
0111011010001001
0111011010001010
0001001000001101
0001001000001110
0001001000001111
0001001000010000
0001001000010001
1011011100100101
1011011100100110
1011011100100111
1011011100101000
1011011100101001
0010011000110000
0010011000110001
0010011000110010
0010011000110011
0010011000110100
1100000010010011
1100000010010100
1100000010010101
1100000010010110
1100000010010111
0011100011011110
0011100011011111
0011100011100000
0011100011100001
0011100011100010
1001010111101111
1001010111110000
1001010111110001
1001010111110010
1001010111110011
0011010101110110
0011010101110111
0011010101111000
0011010101111001
0011010101111010
1111010011010100
1111010011010101
1111010011010110
1111010011010111
1111010011011000
1110011101011101
1110011101011110
1110011101011111
1110011101100000
1110011101100001
0101010101000110
0101010101000111
0101010101001000
0101010101001001
0101010101001010
1001000110010010
1001000110010011
1001000110010100
1001000110010101
1001000110010110
0100001001011001
0100001001011010
0100001001011011
0100001001011100
0100001001011101
0111110010100100
0111110010100101
0111110010100110
0111110010100111
0111110010101000
1001101011010000
1001101011010001
1001101011010010
1001101011010011
1001101011010100
0000011101101011
0000011101101100
0000011101101101
0000011101101110
0000011101101111
1010010000111111
1010010001000000
1010010001000001
1010010001000010
1010010001000011
1101001100000011
1101001100000100
1101001100000101
1101001100000110
1101001100000111
1011001101010100
1011001101010101
1011001101010110
1011001101010111
1011001101011000
0000110000000110
0000110000000111
0000110000001000
0000110000001001
0000110000001010
0110011101110110
0110011101110111
0110011101111000
0110011101111001
0110011101111010
0001011111110101
0001011111110110
0001011111110111
0001011111111000
0001011111111001
0111100100110011
0111100100110100
0111100100110101
0111100100110110
0111100100110111
1011001110110000
1011001110110001
1011001110110010
1011001110110011
1011001110110100
1001011010100000
1001011010100001
1001011010100010
1001011010100011
1001011010100100
0001001010001100
0001001010001101
0001001010001110
0001001010001111
0001001010010000
0011000010010011
0011000010010100
0011000010010101
0011000010010110
0011000010010111
1010010000111101
1010010000111110
1010010000111111
1010010001000000
1010010001000001
0100111010010000
0100111010010001
0100111010010010
0100111010010011
0100111010010100
0000000000011011
0000000000011100
0000000000011101
0000000000011110
0000000000011111
1111110110000101
1111110110000110
1111110110000111
1111110110001000
1111110110001001
1111011000010010
1111011000010011
1111011000010100
1111011000010101
1111011000010110
1110101011000011
1110101011000100
1110101011000101
1110101011000110
1110101011000111
1000010100000001
1000010100000010
1000010100000011
1000010100000100
1000010100000101
0010110100101010
0010110100101011
0010110100101100
0010110100101101
0010110100101110
1011001100011110
1011001100011111
1011001100100000
1011001100100001
1011001100100010
0010010101001001
0010010101001010
0010010101001011
0010010101001100
0010010101001101
0000001100000100
0000001100000101
0000001100000110
0000001100000111
0000001100001000
1001011000010010
1001011000010011
1001011000010100
1001011000010101
1001011000010110
1011101010110111
1011101010111000
1011101010111001
1011101010111010
1011101010111011
1000101100010110
1000101100010111
1000101100011000
1000101100011001
1000101100011010
0111111101001011
0111111101001100
0111111101001101
0111111101001110
0111111101001111
0011100000101110
0011100000101111
0011100000110000
0011100000110001
0011100000110010
1111111100100101
1111111100100110
1111111100100111
1111111100101000
1111111100101001
1010110100010010
1010110100010011
1010110100010100
1010110100010101
1010110100010110
0100001111000101
0100001111000110
0100001111000111
0100001111001000
0100001111001001
1101101110011011
1101101110011100
1101101110011101
1101101110011110
1101101110011111
0101011011001001
0101011011001010
0101011011001011
0101011011001100
0101011011001101
1101100101010110
1101100101010111
1101100101011000
1101100101011001
1101100101011010
1110101001101110
1110101001101111
1110101001110000
1110101001110001
1110101001110010
1010100101010101
1010100101010110
1010100101010111
1010100101011000
1010100101011001
0011111101011101
0011111101011110
0011111101011111
0011111101100000
0011111101100001
1001100010110000
1001100010110001
1001100010110010
1001100010110011
1001100010110100
0000001100000111
0000001100001000
0000001100001001
0000001100001010
0000001100001011
0110000110110101
0110000110110110
0110000110110111
0110000110111000
0110000110111001
0110011010111100
0110011010111101
0110011010111110
0110011010111111
0110011011000000
0110000100010110
0110000100010111
0110000100011000
0110000100011001
0110000100011010
1000110011001110
1000110011001111
1000110011010000
1000110011010001
1000110011010010
0101100101111100
0101100101111101
0101100101111110
0101100101111111
0101100110000000
0111011000000010
0111011000000011
0111011000000100
0111011000000101
0111011000000110
0010110001011010
0010110001011011
0010110001011100
0010110001011101
0010110001011110
0110000010011100
0110000010011101
0110000010011110
0110000010011111
0110000010100000
0101100010100110
0101100010100111
0101100010101000
0101100010101001
0101100010101010
0011000000101111
0011000000110000
0011000000110001
0011000000110010
0011000000110011
0000101010011000
0000101010011001
0000101010011010
0000101010011011
0000101010011100
1001100011100110
1001100011100111
1001100011101000
1001100011101001
1001100011101010
1110011011011101
1110011011011110
1110011011011111
1110011011100000
1110011011100001
0001001000000110
0001001000000111
0001001000001000
0001001000001001
0001001000001010
0100110110101010
0100110110101011
0100110110101100
0100110110101101
0100110110101110
0110101001001100
0110101001001101
0110101001001110
0110101001001111
0110101001010000
0101001111000011
0101001111000100
0101001111000101
0101001111000110
0101001111000111
1101001101100001
1101001101100010
1101001101100011
1101001101100100
1101001101100101
0100100110010110
0100100110010111
0100100110011000
0100100110011001
0100100110011010
0011101001011010
0011101001011011
0011101001011100
0011101001011101
0011101001011110
0001010010001101
0001010010001110
0001010010001111
0001010010010000
0001010010010001
0101001010010001
0101001010010010
0101001010010011
0101001010010100
0101001010010101
1100100101101010
1100100101101011
1100100101101100
1100100101101101
1100100101101110
0001110111011011
0001110111011100
0001110111011101
0001110111011110
0001110111011111
0010001000110101
0010001000110110
0010001000110111
0010001000111000
0010001000111001
0110100101101111
0110100101110000
0110100101110001
0110100101110010
0110100101110011
1001111101111010
1001111101111011
1001111101111100
1001111101111101
1001111101111110
0100100100101010
0100100100101011
0100100100101100
0100100100101101
0100100100101110
1000100101010101
1000100101010110
1000100101010111
1000100101011000
1000100101011001
0101010001010110
0101010001010111
0101010001011000
0101010001011001
0101010001011010
1000100101101010
1000100101101011
1000100101101100
1000100101101101
1000100101101110
0101000110001000
0101000110001001
0101000110001010
0101000110001011
0101000110001100
0110010010110010
0110010010110011
0110010010110100
0110010010110101
0110010010110110
1000000000001110
1000000000001111
1000000000010000
1000000000010001
1000000000010010
1100111101011011
1100111101011100
1100111101011101
1100111101011110
1100111101011111
0010001001010100
0010001001010101
0010001001010110
0010001001010111
0010001001011000
0110000111111010
0110000111111011
0110000111111100
0110000111111101
0110000111111110
0111111001001000
0111111001001001
0111111001001010
0111111001001011
0111111001001100
1101100101011011
1101100101011100
1101100101011101
1101100101011110
1101100101011111
1011100111001011
1011100111001100
1011100111001101
1011100111001110
1011100111001111
1000110001100001
1000110001100010
1000110001100011
1000110001100100
1000110001100101
0101110111010111
0101110111011000
0101110111011001
0101110111011010
0101110111011011
0000010011111011
0000010011111100
0000010011111101
0000010011111110
0000010011111111
0111110101001110
0111110101001111
0111110101010000
0111110101010001
0111110101010010
0100000101101111
0100000101110000
0100000101110001
0100000101110010
0100000101110011
1111000011011100
1111000011011101
1111000011011110
1111000011011111
1111000011100000
0100111101111001
0100111101111010
0100111101111011
0100111101111100
0100111101111101
1011110101000000
1011110101000001
1011110101000010
1011110101000011
1011110101000100
1111001111011100
1111001111011101
1111001111011110
1111001111011111
1111001111100000
1100001110110011
1100001110110100
1100001110110101
1100001110110110
1100001110110111
0110110001001000
0110110001001001
0110110001001010
0110110001001011
0110110001001100
1001100010101011
1001100010101100
1001100010101101
1001100010101110
1001100010101111
1010111010000101
1010111010000110
1010111010000111
1010111010001000
1010111010001001
1101011001010111
1101011001011000
1101011001011001
1101011001011010
1101011001011011
1010010010110101
1010010010110110
1010010010110111
1010010010111000
1010010010111001
0001100111110010
0001100111110011
0001100111110100
0001100111110101
0001100111110110
1111010101111000
1111010101111001
1111010101111010
1111010101111011
1111010101111100
1110100001001010
1110100001001011
1110100001001100
1110100001001101
1110100001001110
0010100001101011
0010100001101100
0010100001101101
0010100001101110
0010100001101111
1001100010101000
1001100010101001
1001100010101010
1001100010101011
1001100010101100
0110111100101100
0110111100101101
0110111100101110
0110111100101111
0110111100110000
0110001011110111
0110001011111000
0110001011111001
0110001011111010
0110001011111011
1110111101010101
1110111101010110
1110111101010111
1110111101011000
1110111101011001
1111001100100111
1111001100101000
1111001100101001
1111001100101010
1111001100101011
1100101001001101
1100101001001110
1100101001001111
1100101001010000
1100101001010001
0101000111011101
0101000111011110
0101000111011111
0101000111100000
0101000111100001
0010111101110010
0010111101110011
0010111101110100
0010111101110101
0010111101110110
1111011000000001
1111011000000010
1111011000000011
1111011000000100
1111011000000101
0001001000011000
0001001000011001
0001001000011010
0001001000011011
0001001000011100
1000001001000111
1000001001001000
1000001001001001
1000001001001010
1000001001001011
1100001010111111
1100001011000000
1100001011000001
1100001011000010
1100001011000011
1101100101010010
1101100101010011
1101100101010100
1101100101010101
1101100101010110
0101110001000000
0101110001000001
0101110001000010
0101110001000011
0101110001000100
1000011100010100
1000011100010101
1000011100010110
1000011100010111
1000011100011000
1101101111001101
1101101111001110
1101101111001111
1101101111010000
1101101111010001
1011010101110111
1011010101111000
1011010101111001
1011010101111010
1011010101111011
1100100011001001
1100100011001010
1100100011001011
1100100011001100
1100100011001101
1100110000100111
1100110000101000
1100110000101001
1100110000101010
1100110000101011
1101011100111001
1101011100111010
1101011100111011
1101011100111100
1101011100111101
1001110101001100
1001110101001101
1001110101001110
1001110101001111
1001110101010000
0001001000110100
0001001000110101
0001001000110110
0001001000110111
0001001000111000
0010010010100101
0010010010100110
0010010010100111
0010010010101000
0010010010101001
0111000001010110
0111000001010111
0111000001011000
0111000001011001
0111000001011010
0101011000101110
0101011000101111
0101011000110000
0101011000110001
0101011000110010
1000100111011101
1000100111011110
1000100111011111
1000100111100000
1000100111100001
0011101001100001
0011101001100010
0011101001100011
0011101001100100
0011101001100101
1100011110100001
1100011110100010
1100011110100011
1100011110100100
1100011110100101
0110100100110001
0110100100110010
0110100100110011
0110100100110100
0110100100110101
0100001010110010
0100001010110011
0100001010110100
0100001010110101
0100001010110110
1100100100111000
1100100100111001
1100100100111010
1100100100111011
1100100100111100
0011001111111100
0011001111111101
0011001111111110
0011001111111111
0011010000000000
0111111001110100
0111111001110101
0111111001110110
0111111001110111
0111111001111000
0001100010111011
0001100010111100
0001100010111101
0001100010111110
0001100010111111
1010011101000100
1010011101000101
1010011101000110
1010011101000111
1010011101001000
1010010111000000
1010010111000001
1010010111000010
1010010111000011
1010010111000100
0001000010110101
0001000010110110
0001000010110111
0001000010111000
0001000010111001
0110111000110000
0110111000110001
0110111000110010
0110111000110011
0110111000110100
1010111001000110
1010111001000111
1010111001001000
1010111001001001
1010111001001010
1010110001001110
1010110001001111
1010110001010000
1010110001010001
1010110001010010
0000000111000011
0000000111000100
0000000111000101
0000000111000110
0000000111000111
0100010101110111
0100010101111000
0100010101111001
0100010101111010
0100010101111011
0010110111111001
0010110111111010
0010110111111011
0010110111111100
0010110111111101
1101001111000100
1101001111000101
1101001111000110
1101001111000111
1101001111001000
0011000101100011
0011000101100100
0011000101100101
0011000101100110
0011000101100111
1111100110000101
1111100110000110
1111100110000111
1111100110001000
1111100110001001
0101101000010011
0101101000010100
0101101000010101
0101101000010110
0101101000010111
1011011100010011
1011011100010100
1011011100010101
1011011100010110
1011011100010111
0111111010110011
0111111010110100
0111111010110101
0111111010110110
0111111010110111
0011111000001001
0011111000001010
0011111000001011
0011111000001100
0011111000001101
0110110100101110
0110110100101111
0110110100110000
0110110100110001
0110110100110010
0010000001110000
0010000001110001
0010000001110010
0010000001110011
0010000001110100
1010100011011001
1010100011011010
1010100011011011
1010100011011100
1010100011011101
0111001001000000
0111001001000001
0111001001000010
0111001001000011
0111001001000100
1000001011110011
1000001011110100
1000001011110101
1000001011110110
1000001011110111
0100101011111101
0100101011111110
0100101011111111
0100101100000000
0100101100000001
0100111011011001
0100111011011010
0100111011011011
0100111011011100
0100111011011101
1010010010010110
1010010010010111
1010010010011000
1010010010011001
1010010010011010
0011011000110000
0011011000110001
0011011000110010
0011011000110011
0011011000110100
0010100101011100
0010100101011101
0010100101011110
0010100101011111
0010100101100000
0111111001100110
0111111001100111
0111111001101000
0111111001101001
0111111001101010
1000000101001010
1000000101001011
1000000101001100
1000000101001101
1000000101001110
0100111000000010
0100111000000011
0100111000000100
0100111000000101
0100111000000110
0001011001001011
0001011001001100
0001011001001101
0001011001001110
0001011001001111
