0000000000000000
0000000000000001
0000000000000010
0000000000000011
0000000000000100
0000000000000101
0000000000000110
0000000000000111
0000000000001000
0000000000001001
0000000000001010
0000000000001011
0000000000001100
0000000000001101
0000000000001110
0000000000001111
0000000000010000
0000000000010001
0000000000010010
0000000000010011
0000000000010100
0000000000010101
0000000000010110
0000000000010111
0000000000011000
0000000000011001
0000000000011010
0000000000011011
0000000000011100
0000000000011101
0000000000011110
0000000000011111
0000000000100000
0000000000100001
0000000000100010
0000000000100011
0000000000100100
0000000000100101
0000000000100110
0000000000100111
0000000000101000
0000000000101001
0000000000101010
0000000000101011
0000000000101100
0000000000101101
0000000000101110
0000000000101111
0000000000110000
0000000000110001
0000000000110010
0000000000110011
0000000000110100
0000000000110101
0000000000110110
0000000000110111
0000000000111000
0000000000111001
0000000000111010
0000000000111011
1100000100000010
1100000100000011
1100000100000100
1100000100000101
1100000100000110
1100000100000111
1100000100001000
1100000100001001
1100000100001010
1100000100001011
1100000100001100
1100000100001101
1100000100001110
1100000100001111
1100000100010000
1100000100010001
1100000100010010
1100000100010011
1100000100010100
1100000100010101
1100000100010110
1100000100010111
1100000100011000
1100000100011001
1100000100011010
1100000100011011
1100000100011100
1100000100011101
1100000100011110
1100000100011111
1100000100100000
1100000100100001
1100000100100010
1100000100100011
1100000100100100
1100000100100101
1100000100100110
1100000100100111
1100000100101000
1100000100101001
1100000100101010
1100000100101011
1100000100101100
1100000100101101
1100000100101110
1100000100101111
1100000100110000
1100000100110001
1100000100110010
1100000100110011
1100000100110100
1100000100110101
1100000100110110
1100000100110111
1100000100111000
1100000100111001
1100000100111010
1100000100111011
1100000100111100
1100000100111101
0010001000001011
0010001000001100
0010001000001101
0010001000001110
0010001000001111
0010001000010000
0010001000010001
0010001000010010
0010001000010011
0010001000010100
0010001000010101
0010001000010110
0010001000010111
0010001000011000
0010001000011001
0010001000011010
0010001000011011
0010001000011100
0010001000011101
0010001000011110
0010001000011111
0010001000100000
0010001000100001
0010001000100010
0010001000100011
0010001000100100
0010001000100101
0010001000100110
0010001000100111
0010001000101000
0010001000101001
0010001000101010
0010001000101011
0010001000101100
0010001000101101
0010001000101110
0010001000101111
0010001000110000
0010001000110001
0010001000110010
0010001000110011
0010001000110100
0010001000110101
0010001000110110
0010001000110111
0010001000111000
0010001000111001
0010001000111010
0010001000111011
0010001000111100
0010001000111101
0010001000111110
0010001000111111
0010001001000000
0010001001000001
0010001001000010
0010001001000011
0010001001000100
0010001001000101
0010001001000110
1001000100001001
1001000100001010
1001000100001011
1001000100001100
1001000100001101
1001000100001110
1001000100001111
1001000100010000
1001000100010001
1001000100010010
1001000100010011
1001000100010100
1001000100010101
1001000100010110
1001000100010111
1001000100011000
1001000100011001
1001000100011010
1001000100011011
1001000100011100
1001000100011101
1001000100011110
1001000100011111
1001000100100000
1001000100100001
1001000100100010
1001000100100011
1001000100100100
1001000100100101
1001000100100110
1001000100100111
1001000100101000
1001000100101001
1001000100101010
1001000100101011
1001000100101100
1001000100101101
1001000100101110
1001000100101111
1001000100110000
1001000100110001
1001000100110010
1001000100110011
1001000100110100
1001000100110101
1001000100110110
1001000100110111
1001000100111000
1001000100111001
1001000100111010
1001000100111011
1001000100111100
1001000100111101
1001000100111110
1001000100111111
1001000101000000
1001000101000001
1001000101000010
1001000101000011
1001000101000100
1001010001111000
1001010001111001
1001010001111010
1001010001111011
1001010001111100
1001010001111101
1001010001111110
1001010001111111
1001010010000000
1001010010000001
1001010010000010
1001010010000011
1001010010000100
1001010010000101
1001010010000110
1001010010000111
1001010010001000
1001010010001001
1001010010001010
1001010010001011
1001010010001100
1001010010001101
1001010010001110
1001010010001111
1001010010010000
1001010010010001
1001010010010010
1001010010010011
1001010010010100
1001010010010101
1001010010010110
1001010010010111
1001010010011000
1001010010011001
1001010010011010
1001010010011011
1001010010011100
1001010010011101
1001010010011110
1001010010011111
1001010010100000
1001010010100001
1001010010100010
1001010010100011
1001010010100100
1001010010100101
1001010010100110
1001010010100111
1001010010101000
1001010010101001
1001010010101010
1001010010101011
1001010010101100
1001010010101101
1001010010101110
1001010010101111
1001010010110000
1001010010110001
1001010010110010
1001010010110011
0000010110110001
0000010110110010
0000010110110011
0000010110110100
0000010110110101
0000010110110110
0000010110110111
0000010110111000
0000010110111001
0000010110111010
0000010110111011
0000010110111100
0000010110111101
0000010110111110
0000010110111111
0000010111000000
0000010111000001
0000010111000010
0000010111000011
0000010111000100
0000010111000101
0000010111000110
0000010111000111
0000010111001000
0000010111001001
0000010111001010
0000010111001011
0000010111001100
0000010111001101
0000010111001110
0000010111001111
0000010111010000
0000010111010001
0000010111010010
0000010111010011
0000010111010100
0000010111010101
0000010111010110
0000010111010111
0000010111011000
0000010111011001
0000010111011010
0000010111011011
0000010111011100
0000010111011101
0000010111011110
0000010111011111
0000010111100000
0000010111100001
0000010111100010
0000010111100011
0000010111100100
0000010111100101
0000010111100110
0000010111100111
0000010111101000
0000010111101001
0000010111101010
0000010111101011
0000010111101100
1010100101001010
1010100101001011
1010100101001100
1010100101001101
1010100101001110
1010100101001111
1010100101010000
1010100101010001
1010100101010010
1010100101010011
1010100101010100
1010100101010101
1010100101010110
1010100101010111
1010100101011000
1010100101011001
1010100101011010
1010100101011011
1010100101011100
1010100101011101
1010100101011110
1010100101011111
1010100101100000
1010100101100001
1010100101100010
1010100101100011
1010100101100100
1010100101100101
1010100101100110
1010100101100111
1010100101101000
1010100101101001
1010100101101010
1010100101101011
1010100101101100
1010100101101101
1010100101101110
1010100101101111
1010100101110000
1010100101110001
1010100101110010
1010100101110011
1010100101110100
1010100101110101
1010100101110110
1010100101110111
1010100101111000
1010100101111001
1010100101111010
1010100101111011
1010100101111100
1010100101111101
1010100101111110
1010100101111111
1010100110000000
1010100110000001
1010100110000010
1010100110000011
1010100110000100
1010100110000101
0111110110011010
0111110110011011
0111110110011100
0111110110011101
0111110110011110
0111110110011111
0111110110100000
0111110110100001
0111110110100010
0111110110100011
0111110110100100
0111110110100101
0111110110100110
0111110110100111
0111110110101000
0111110110101001
0111110110101010
0111110110101011
0111110110101100
0111110110101101
0111110110101110
0111110110101111
0111110110110000
0111110110110001
0111110110110010
0111110110110011
0111110110110100
0111110110110101
0111110110110110
0111110110110111
0111110110111000
0111110110111001
0111110110111010
0111110110111011
0111110110111100
0111110110111101
0111110110111110
0111110110111111
0111110111000000
0111110111000001
0111110111000010
0111110111000011
0111110111000100
0111110111000101
0111110111000110
0111110111000111
0111110111001000
0111110111001001
0111110111001010
0111110111001011
0111110111001100
0111110111001101
0111110111001110
0111110111001111
0111110111010000
0111110111010001
0111110111010010
0111110111010011
0111110111010100
0111110111010101
1100000010111100
1100000010111101
1100000010111110
1100000010111111
1100000011000000
1100000011000001
1100000011000010
1100000011000011
1100000011000100
1100000011000101
1100000011000110
1100000011000111
1100000011001000
1100000011001001
1100000011001010
1100000011001011
1100000011001100
1100000011001101
1100000011001110
1100000011001111
1100000011010000
1100000011010001
1100000011010010
1100000011010011
1100000011010100
1100000011010101
1100000011010110
1100000011010111
1100000011011000
1100000011011001
1100000011011010
1100000011011011
1100000011011100
1100000011011101
1100000011011110
1100000011011111
1100000011100000
1100000011100001
1100000011100010
1100000011100011
1100000011100100
1100000011100101
1100000011100110
1100000011100111
1100000011101000
1100000011101001
1100000011101010
1100000011101011
1100000011101100
1100000011101101
1100000011101110
1100000011101111
1100000011110000
1100000011110001
1100000011110010
1100000011110011
1100000011110100
1100000011110101
1100000011110110
1100000011110111
1100001001010001
1100001001010010
1100001001010011
1100001001010100
1100001001010101
1100001001010110
1100001001010111
1100001001011000
1100001001011001
1100001001011010
1100001001011011
1100001001011100
1100001001011101
1100001001011110
1100001001011111
1100001001100000
1100001001100001
1100001001100010
1100001001100011
1100001001100100
1100001001100101
1100001001100110
1100001001100111
1100001001101000
1100001001101001
1100001001101010
1100001001101011
1100001001101100
1100001001101101
1100001001101110
1100001001101111
1100001001110000
1100001001110001
1100001001110010
1100001001110011
1100001001110100
1100001001110101
1100001001110110
1100001001110111
1100001001111000
1100001001111001
1100001001111010
1100001001111011
1100001001111100
1100001001111101
1100001001111110
1100001001111111
1100001010000000
1100001010000001
1100001010000010
1100001010000011
1100001010000100
1100001010000101
1100001010000110
1100001010000111
1100001010001000
1100001010001001
1100001010001010
1100001010001011
1100001010001100
0001010001010111
0001010001011000
0001010001011001
0001010001011010
0001010001011011
0001010001011100
0001010001011101
0001010001011110
0001010001011111
0001010001100000
0001010001100001
0001010001100010
0001010001100011
0001010001100100
0001010001100101
0001010001100110
0001010001100111
0001010001101000
0001010001101001
0001010001101010
0001010001101011
0001010001101100
0001010001101101
0001010001101110
0001010001101111
0001010001110000
0001010001110001
0001010001110010
0001010001110011
0001010001110100
0001010001110101
0001010001110110
0001010001110111
0001010001111000
0001010001111001
0001010001111010
0001010001111011
0001010001111100
0001010001111101
0001010001111110
0001010001111111
0001010010000000
0001010010000001
0001010010000010
0001010010000011
0001010010000100
0001010010000101
0001010010000110
0001010010000111
0001010010001000
0001010010001001
0001010010001010
0001010010001011
0001010010001100
0001010010001101
0001010010001110
0001010010001111
0001010010010000
0001010010010001
0001010010010010
0111101001100100
0111101001100101
0111101001100110
0111101001100111
0111101001101000
0111101001101001
0111101001101010
0111101001101011
0111101001101100
0111101001101101
0111101001101110
0111101001101111
0111101001110000
0111101001110001
0111101001110010
0111101001110011
0111101001110100
0111101001110101
0111101001110110
0111101001110111
0111101001111000
0111101001111001
0111101001111010
0111101001111011
0111101001111100
0111101001111101
0111101001111110
0111101001111111
0111101010000000
0111101010000001
0111101010000010
0111101010000011
0111101010000100
0111101010000101
0111101010000110
0111101010000111
0111101010001000
0111101010001001
0111101010001010
0111101010001011
0111101010001100
0111101010001101
0111101010001110
0111101010001111
0111101010010000
0111101010010001
0111101010010010
0111101010010011
0111101010010100
0111101010010101
0111101010010110
0111101010010111
0111101010011000
0111101010011001
0111101010011010
0111101010011011
0111101010011100
0111101010011101
0111101010011110
0111101010011111
0110100100111011
0110100100111100
0110100100111101
0110100100111110
0110100100111111
0110100101000000
0110100101000001
0110100101000010
0110100101000011
0110100101000100
0110100101000101
0110100101000110
0110100101000111
0110100101001000
0110100101001001
0110100101001010
0110100101001011
0110100101001100
0110100101001101
0110100101001110
0110100101001111
0110100101010000
0110100101010001
0110100101010010
0110100101010011
0110100101010100
0110100101010101
0110100101010110
0110100101010111
0110100101011000
0110100101011001
0110100101011010
0110100101011011
0110100101011100
0110100101011101
0110100101011110
0110100101011111
0110100101100000
0110100101100001
0110100101100010
0110100101100011
0110100101100100
0110100101100101
0110100101100110
0110100101100111
0110100101101000
0110100101101001
0110100101101010
0110100101101011
0110100101101100
0110100101101101
0110100101101110
0110100101101111
0110100101110000
0110100101110001
0110100101110010
0110100101110011
0110100101110100
0110100101110101
0110100101110110
0101100101000111
0101100101001000
0101100101001001
0101100101001010
0101100101001011
0101100101001100
0101100101001101
0101100101001110
0101100101001111
0101100101010000
0101100101010001
0101100101010010
0101100101010011
0101100101010100
0101100101010101
0101100101010110
0101100101010111
0101100101011000
0101100101011001
0101100101011010
0101100101011011
0101100101011100
0101100101011101
0101100101011110
0101100101011111
0101100101100000
0101100101100001
0101100101100010
0101100101100011
0101100101100100
0101100101100101
0101100101100110
0101100101100111
0101100101101000
0101100101101001
0101100101101010
0101100101101011
0101100101101100
0101100101101101
0101100101101110
0101100101101111
0101100101110000
0101100101110001
0101100101110010
0101100101110011
0101100101110100
0101100101110101
0101100101110110
0101100101110111
0101100101111000
0101100101111001
0101100101111010
0101100101111011
0101100101111100
0101100101111101
0101100101111110
0101100101111111
0101100110000000
0101100110000001
0101100110000010
0101101111010100
0101101111010101
0101101111010110
0101101111010111
0101101111011000
0101101111011001
0101101111011010
0101101111011011
0101101111011100
0101101111011101
0101101111011110
0101101111011111
0101101111100000
0101101111100001
0101101111100010
0101101111100011
0101101111100100
0101101111100101
0101101111100110
0101101111100111
0101101111101000
0101101111101001
0101101111101010
0101101111101011
0101101111101100
0101101111101101
0101101111101110
0101101111101111
0101101111110000
0101101111110001
0101101111110010
0101101111110011
0101101111110100
0101101111110101
0101101111110110
0101101111110111
0101101111111000
0101101111111001
0101101111111010
0101101111111011
0101101111111100
0101101111111101
0101101111111110
0101101111111111
0101110000000000
0101110000000001
0101110000000010
0101110000000011
0101110000000100
0101110000000101
0101110000000110
0101110000000111
0101110000001000
0101110000001001
0101110000001010
0101110000001011
0101110000001100
0101110000001101
0101110000001110
0101110000001111
0110011111010001
0110011111010010
0110011111010011
0110011111010100
0110011111010101
0110011111010110
0110011111010111
0110011111011000
0110011111011001
0110011111011010
0110011111011011
0110011111011100
0110011111011101
0110011111011110
0110011111011111
0110011111100000
0110011111100001
0110011111100010
0110011111100011
0110011111100100
0110011111100101
0110011111100110
0110011111100111
0110011111101000
0110011111101001
0110011111101010
0110011111101011
0110011111101100
0110011111101101
0110011111101110
0110011111101111
0110011111110000
0110011111110001
0110011111110010
0110011111110011
0110011111110100
0110011111110101
0110011111110110
0110011111110111
0110011111111000
0110011111111001
0110011111111010
0110011111111011
0110011111111100
0110011111111101
0110011111111110
0110011111111111
0110100000000000
0110100000000001
0110100000000010
0110100000000011
0110100000000100
0110100000000101
0110100000000110
0110100000000111
0110100000001000
0110100000001001
0110100000001010
0110100000001011
0110100000001100
0110110101011100
0110110101011101
0110110101011110
0110110101011111
0110110101100000
0110110101100001
0110110101100010
0110110101100011
0110110101100100
0110110101100101
0110110101100110
0110110101100111
0110110101101000
0110110101101001
0110110101101010
0110110101101011
0110110101101100
0110110101101101
0110110101101110
0110110101101111
0110110101110000
0110110101110001
0110110101110010
0110110101110011
0110110101110100
0110110101110101
0110110101110110
0110110101110111
0110110101111000
0110110101111001
0110110101111010
0110110101111011
0110110101111100
0110110101111101
0110110101111110
0110110101111111
0110110110000000
0110110110000001
0110110110000010
0110110110000011
