0000000000000000
0000000000000001
0000000000000010
0000000000000011
0000000000000100
0000000000000101
0000000000000110
0000000000000111
0000000000001000
0000000000001001
0000000000001010
0000000000001011
0000000000001100
0000000000001101
0000000000001110
0000000000001111
0000000000010000
0000000000010001
0000000000010010
0000000000010011
0111111101011011
0111111101011100
0111111101011101
0111111101011110
0111111101011111
0111111101100000
0111111101100001
0111111101100010
0111111101100011
0111111101100100
0111111101100101
0111111101100110
0111111101100111
0111111101101000
0111111101101001
0111111101101010
0111111101101011
0111111101101100
0111111101101101
0111111101101110
1101011001000011
1101011001000100
1101011001000101
1101011001000110
1101011001000111
1101011001001000
1101011001001001
1101011001001010
1101011001001011
1101011001001100
1101011001001101
1101011001001110
1101011001001111
1101011001010000
1101011001010001
1101011001010010
1101011001010011
1101011001010100
1101011001010101
1101011001010110
0000001101111000
0000001101111001
0000001101111010
0000001101111011
0000001101111100
0000001101111101
0000001101111110
0000001101111111
0000001110000000
0000001110000001
0000001110000010
0000001110000011
0000001110000100
0000001110000101
0000001110000110
0000001110000111
0000001110001000
0000001110001001
0000001110001010
0000001110001011
1100110110011000
1100110110011001
1100110110011010
1100110110011011
1100110110011100
1100110110011101
1100110110011110
1100110110011111
1100110110100000
1100110110100001
1100110110100010
1100110110100011
1100110110100100
1100110110100101
1100110110100110
1100110110100111
1100110110101000
1100110110101001
1100110110101010
1100110110101011
1000100111111100
1000100111111101
1000100111111110
1000100111111111
1000101000000000
1000101000000001
1000101000000010
1000101000000011
1000101000000100
1000101000000101
1000101000000110
1000101000000111
1000101000001000
1000101000001001
1000101000001010
1000101000001011
1000101000001100
1000101000001101
1000101000001110
1000101000001111
1011001001111011
1011001001111100
1011001001111101
1011001001111110
1011001001111111
1011001010000000
1011001010000001
1011001010000010
1011001010000011
1011001010000100
1011001010000101
1011001010000110
1011001010000111
1011001010001000
1011001010001001
1011001010001010
1011001010001011
1011001010001100
1011001010001101
1011001010001110
1110100010111100
1110100010111101
1110100010111110
1110100010111111
1110100011000000
1110100011000001
1110100011000010
1110100011000011
1110100011000100
1110100011000101
1110100011000110
1110100011000111
1110100011001000
1110100011001001
1110100011001010
1110100011001011
1110100011001100
1110100011001101
1110100011001110
1110100011001111
0101111111011001
0101111111011010
0101111111011011
0101111111011100
0101111111011101
0101111111011110
0101111111011111
0101111111100000
0101111111100001
0101111111100010
0101111111100011
0101111111100100
0101111111100101
0101111111100110
0101111111100111
0101111111101000
0101111111101001
0101111111101010
0101111111101011
0101111111101100
1011110000011010
1011110000011011
1011110000011100
1011110000011101
1011110000011110
1011110000011111
1011110000100000
1011110000100001
1011110000100010
1011110000100011
1011110000100100
1011110000100101
1011110000100110
1011110000100111
1011110000101000
1011110000101001
1011110000101010
1011110000101011
1011110000101100
1011110000101101
0001100001100101
0001100001100110
0001100001100111
0001100001101000
0001100001101001
0001100001101010
0001100001101011
0001100001101100
0001100001101101
0001100001101110
0001100001101111
0001100001110000
0001100001110001
0001100001110010
0001100001110011
0001100001110100
0001100001110101
0001100001110110
0001100001110111
0001100001111000
1011000010110101
1011000010110110
1011000010110111
1011000010111000
1011000010111001
1011000010111010
1011000010111011
1011000010111100
1011000010111101
1011000010111110
1011000010111111
1011000011000000
1011000011000001
1011000011000010
1011000011000011
1011000011000100
1011000011000101
1011000011000110
1011000011000111
1011000011001000
1110101001101001
1110101001101010
1110101001101011
1110101001101100
1110101001101101
1110101001101110
1110101001101111
1110101001110000
1110101001110001
1110101001110010
1110101001110011
1110101001110100
1110101001110101
1110101001110110
1110101001110111
1110101001111000
1110101001111001
1110101001111010
1110101001111011
1110101001111100
0101110001011101
0101110001011110
0101110001011111
0101110001100000
0101110001100001
0101110001100010
0101110001100011
0101110001100100
0101110001100101
0101110001100110
0101110001100111
0101110001101000
0101110001101001
0101110001101010
0101110001101011
0101110001101100
0101110001101101
0101110001101110
0101110001101111
0101110001110000
0111101110000101
0111101110000110
0111101110000111
0111101110001000
0111101110001001
0111101110001010
0111101110001011
0111101110001100
0111101110001101
0111101110001110
0111101110001111
0111101110010000
0111101110010001
0111101110010010
0111101110010011
0111101110010100
0111101110010101
0111101110010110
0111101110010111
0111101110011000
1000110001000110
1000110001000111
1000110001001000
1000110001001001
1000110001001010
1000110001001011
1000110001001100
1000110001001101
1000110001001110
1000110001001111
1000110001010000
1000110001010001
1000110001010010
1000110001010011
1000110001010100
1000110001010101
1000110001010110
1000110001010111
1000110001011000
1000110001011001
0111001001000111
0111001001001000
0111001001001001
0111001001001010
0111001001001011
0111001001001100
0111001001001101
0111001001001110
0111001001001111
0111001001010000
0111001001010001
0111001001010010
0111001001010011
0111001001010100
0111001001010101
0111001001010110
0111001001010111
0111001001011000
0111001001011001
0111001001011010
1100101101100011
1100101101100100
1100101101100101
1100101101100110
1100101101100111
1100101101101000
1100101101101001
1100101101101010
1100101101101011
1100101101101100
1100101101101101
1100101101101110
1100101101101111
1100101101110000
1100101101110001
1100101101110010
1100101101110011
1100101101110100
1100101101110101
1100101101110110
1001001011111010
1001001011111011
1001001011111100
1001001011111101
1001001011111110
1001001011111111
1001001100000000
1001001100000001
1001001100000010
1001001100000011
1001001100000100
1001001100000101
1001001100000110
1001001100000111
1001001100001000
1001001100001001
1001001100001010
1001001100001011
1001001100001100
1001001100001101
1000100011010011
1000100011010100
1000100011010101
1000100011010110
1000100011010111
1000100011011000
1000100011011001
1000100011011010
1000100011011011
1000100011011100
1000100011011101
1000100011011110
1000100011011111
1000100011100000
1000100011100001
1000100011100010
1000100011100011
1000100011100100
1000100011100101
1000100011100110
1000010111010001
1000010111010010
1000010111010011
1000010111010100
1000010111010101
1000010111010110
1000010111010111
1000010111011000
1000010111011001
1000010111011010
1000010111011011
1000010111011100
1000010111011101
1000010111011110
1000010111011111
1000010111100000
1000010111100001
1000010111100010
1000010111100011
1000010111100100
0001010001110010
0001010001110011
0001010001110100
0001010001110101
0001010001110110
0001010001110111
0001010001111000
0001010001111001
0001010001111010
0001010001111011
0001010001111100
0001010001111101
0001010001111110
0001010001111111
0001010010000000
0001010010000001
0001010010000010
0001010010000011
0001010010000100
0001010010000101
1101100100111101
1101100100111110
1101100100111111
1101100101000000
1101100101000001
1101100101000010
1101100101000011
1101100101000100
1101100101000101
1101100101000110
1101100101000111
1101100101001000
1101100101001001
1101100101001010
1101100101001011
1101100101001100
1101100101001101
1101100101001110
1101100101001111
1101100101010000
0111011010000110
0111011010000111
0111011010001000
0111011010001001
0111011010001010
0111011010001011
0111011010001100
0111011010001101
0111011010001110
0111011010001111
0111011010010000
0111011010010001
0111011010010010
0111011010010011
0111011010010100
0111011010010101
0111011010010110
0111011010010111
0111011010011000
0111011010011001
0001001000001101
0001001000001110
0001001000001111
0001001000010000
0001001000010001
0001001000010010
0001001000010011
0001001000010100
0001001000010101
0001001000010110
0001001000010111
0001001000011000
0001001000011001
0001001000011010
0001001000011011
0001001000011100
0001001000011101
0001001000011110
0001001000011111
0001001000100000
1011011100100101
1011011100100110
1011011100100111
1011011100101000
1011011100101001
1011011100101010
1011011100101011
1011011100101100
1011011100101101
1011011100101110
1011011100101111
1011011100110000
1011011100110001
1011011100110010
1011011100110011
1011011100110100
1011011100110101
1011011100110110
1011011100110111
1011011100111000
0010011000110000
0010011000110001
0010011000110010
0010011000110011
0010011000110100
0010011000110101
0010011000110110
0010011000110111
0010011000111000
0010011000111001
0010011000111010
0010011000111011
0010011000111100
0010011000111101
0010011000111110
0010011000111111
0010011001000000
0010011001000001
0010011001000010
0010011001000011
1100000010010011
1100000010010100
1100000010010101
1100000010010110
1100000010010111
1100000010011000
1100000010011001
1100000010011010
1100000010011011
1100000010011100
1100000010011101
1100000010011110
1100000010011111
1100000010100000
1100000010100001
1100000010100010
1100000010100011
1100000010100100
1100000010100101
1100000010100110
0011100011011110
0011100011011111
0011100011100000
0011100011100001
0011100011100010
0011100011100011
0011100011100100
0011100011100101
0011100011100110
0011100011100111
0011100011101000
0011100011101001
0011100011101010
0011100011101011
0011100011101100
0011100011101101
0011100011101110
0011100011101111
0011100011110000
0011100011110001
1001010111101111
1001010111110000
1001010111110001
1001010111110010
1001010111110011
1001010111110100
1001010111110101
1001010111110110
1001010111110111
1001010111111000
1001010111111001
1001010111111010
1001010111111011
1001010111111100
1001010111111101
1001010111111110
1001010111111111
1001011000000000
1001011000000001
1001011000000010
0011010101110110
0011010101110111
0011010101111000
0011010101111001
0011010101111010
0011010101111011
0011010101111100
0011010101111101
0011010101111110
0011010101111111
0011010110000000
0011010110000001
0011010110000010
0011010110000011
0011010110000100
0011010110000101
0011010110000110
0011010110000111
0011010110001000
0011010110001001
1111010011010100
1111010011010101
1111010011010110
1111010011010111
1111010011011000
1111010011011001
1111010011011010
1111010011011011
1111010011011100
1111010011011101
1111010011011110
1111010011011111
1111010011100000
1111010011100001
1111010011100010
1111010011100011
1111010011100100
1111010011100101
1111010011100110
1111010011100111
1110011101011101
1110011101011110
1110011101011111
1110011101100000
1110011101100001
1110011101100010
1110011101100011
1110011101100100
1110011101100101
1110011101100110
1110011101100111
1110011101101000
1110011101101001
1110011101101010
1110011101101011
1110011101101100
1110011101101101
1110011101101110
1110011101101111
1110011101110000
0101010101000110
0101010101000111
0101010101001000
0101010101001001
0101010101001010
0101010101001011
0101010101001100
0101010101001101
0101010101001110
0101010101001111
0101010101010000
0101010101010001
0101010101010010
0101010101010011
0101010101010100
0101010101010101
0101010101010110
0101010101010111
0101010101011000
0101010101011001
1001000110010010
1001000110010011
1001000110010100
1001000110010101
1001000110010110
1001000110010111
1001000110011000
1001000110011001
1001000110011010
1001000110011011
1001000110011100
1001000110011101
1001000110011110
1001000110011111
1001000110100000
1001000110100001
1001000110100010
1001000110100011
1001000110100100
1001000110100101
0100001001011001
0100001001011010
0100001001011011
0100001001011100
0100001001011101
0100001001011110
0100001001011111
0100001001100000
0100001001100001
0100001001100010
0100001001100011
0100001001100100
0100001001100101
0100001001100110
0100001001100111
0100001001101000
0100001001101001
0100001001101010
0100001001101011
0100001001101100
0111110010100100
0111110010100101
0111110010100110
0111110010100111
0111110010101000
0111110010101001
0111110010101010
0111110010101011
0111110010101100
0111110010101101
0111110010101110
0111110010101111
0111110010110000
0111110010110001
0111110010110010
0111110010110011
0111110010110100
0111110010110101
0111110010110110
0111110010110111
1001101011010000
1001101011010001
1001101011010010
1001101011010011
1001101011010100
1001101011010101
1001101011010110
1001101011010111
1001101011011000
1001101011011001
1001101011011010
1001101011011011
1001101011011100
1001101011011101
1001101011011110
1001101011011111
1001101011100000
1001101011100001
1001101011100010
1001101011100011
0000011101101011
0000011101101100
0000011101101101
0000011101101110
0000011101101111
0000011101110000
0000011101110001
0000011101110010
0000011101110011
0000011101110100
0000011101110101
0000011101110110
0000011101110111
0000011101111000
0000011101111001
0000011101111010
0000011101111011
0000011101111100
0000011101111101
0000011101111110
1010010000111111
1010010001000000
1010010001000001
1010010001000010
1010010001000011
1010010001000100
1010010001000101
1010010001000110
1010010001000111
1010010001001000
1010010001001001
1010010001001010
1010010001001011
1010010001001100
1010010001001101
1010010001001110
1010010001001111
1010010001010000
1010010001010001
1010010001010010
1101001100000011
1101001100000100
1101001100000101
1101001100000110
1101001100000111
1101001100001000
1101001100001001
1101001100001010
1101001100001011
1101001100001100
1101001100001101
1101001100001110
1101001100001111
1101001100010000
1101001100010001
1101001100010010
1101001100010011
1101001100010100
1101001100010101
1101001100010110
1011001101010100
1011001101010101
1011001101010110
1011001101010111
1011001101011000
1011001101011001
1011001101011010
1011001101011011
1011001101011100
1011001101011101
1011001101011110
1011001101011111
1011001101100000
1011001101100001
1011001101100010
1011001101100011
1011001101100100
1011001101100101
1011001101100110
1011001101100111
0000110000000110
0000110000000111
0000110000001000
0000110000001001
0000110000001010
0000110000001011
0000110000001100
0000110000001101
0000110000001110
0000110000001111
0000110000010000
0000110000010001
0000110000010010
0000110000010011
0000110000010100
0000110000010101
0000110000010110
0000110000010111
0000110000011000
0000110000011001
0110011101110110
0110011101110111
0110011101111000
0110011101111001
0110011101111010
0110011101111011
0110011101111100
0110011101111101
0110011101111110
0110011101111111
0110011110000000
0110011110000001
0110011110000010
0110011110000011
0110011110000100
0110011110000101
0110011110000110
0110011110000111
0110011110001000
0110011110001001
0001011111110101
0001011111110110
0001011111110111
0001011111111000
0001011111111001
0001011111111010
0001011111111011
0001011111111100
0001011111111101
0001011111111110
0001011111111111
0001100000000000
0001100000000001
0001100000000010
0001100000000011
0001100000000100
0001100000000101
0001100000000110
0001100000000111
0001100000001000
0111100100110011
0111100100110100
0111100100110101
0111100100110110
0111100100110111
0111100100111000
0111100100111001
0111100100111010
0111100100111011
0111100100111100
0111100100111101
0111100100111110
0111100100111111
0111100101000000
0111100101000001
0111100101000010
0111100101000011
0111100101000100
0111100101000101
0111100101000110
1011001110110000
1011001110110001
1011001110110010
1011001110110011
1011001110110100
1011001110110101
1011001110110110
1011001110110111
1011001110111000
1011001110111001
1011001110111010
1011001110111011
1011001110111100
1011001110111101
1011001110111110
1011001110111111
1011001111000000
1011001111000001
1011001111000010
1011001111000011
1001011010100000
1001011010100001
1001011010100010
1001011010100011
1001011010100100
1001011010100101
1001011010100110
1001011010100111
1001011010101000
1001011010101001
1001011010101010
1001011010101011
1001011010101100
1001011010101101
1001011010101110
1001011010101111
1001011010110000
1001011010110001
1001011010110010
1001011010110011
0001001010001100
0001001010001101
0001001010001110
0001001010001111
0001001010010000
0001001010010001
0001001010010010
0001001010010011
0001001010010100
0001001010010101
0001001010010110
0001001010010111
0001001010011000
0001001010011001
0001001010011010
0001001010011011
0001001010011100
0001001010011101
0001001010011110
0001001010011111
0011000010010011
0011000010010100
0011000010010101
0011000010010110
0011000010010111
0011000010011000
0011000010011001
0011000010011010
0011000010011011
0011000010011100
0011000010011101
0011000010011110
0011000010011111
0011000010100000
0011000010100001
0011000010100010
0011000010100011
0011000010100100
0011000010100101
0011000010100110
