0111111101011011
1101011001000011
0000001101111000
1100110110011000
1000100111111100
1011001001111011
1110100010111100
0101111111011001
1011110000011010
0001100001100101
1011000010110101
1110101001101001
0101110001011101
0111101110000101
1000110001000110
0111001001000111
1100101101100011
1001001011111010
1000100011010011
1000010111010001
0001010001110010
1101100100111101
0111011010000110
0001001000001101
1011011100100101
0010011000110000
1100000010010011
0011100011011110
1001010111101111
0011010101110110
1111010011010100
1110011101011101
0101010101000110
1001000110010010
0100001001011001
0111110010100100
1001101011010000
0000011101101011
1010010000111111
1101001100000011
1011001101010100
0000110000000110
0110011101110110
0001011111110101
0111100100110011
1011001110110000
1001011010100000
0001001010001100
0011000010010011
1010010000111101
0100111010010000
0000000000011011
1111110110000101
1111011000010010
1110101011000011
1000010100000001
0010110100101010
1011001100011110
0010010101001001
0000001100000100
1001011000010010
1011101010110111
1000101100010110
0111111101001011
0011100000101110
1111111100100101
1010110100010010
0100001111000101
1101101110011011
0101011011001001
1101100101010110
1110101001101110
1010100101010101
0011111101011101
1001100010110000
0000001100000111
0110000110110101
0110011010111100
0110000100010110
1000110011001110
0101100101111100
0111011000000010
0010110001011010
0110000010011100
0101100010100110
0011000000101111
0000101010011000
1001100011100110
1110011011011101
0001001000000110
0100110110101010
0110101001001100
0101001111000011
1101001101100001
0100100110010110
0011101001011010
0001010010001101
0101001010010001
1100100101101010
0001110111011011
0010001000110101
0110100101101111
1001111101111010
0100100100101010
1000100101010101
0101010001010110
1000100101101010
0101000110001000
0110010010110010
1000000000001110
1100111101011011
0010001001010100
0110000111111010
0111111001001000
1101100101011011
1011100111001011
1000110001100001
0101110111010111
0000010011111011
0111110101001110
0100000101101111
1111000011011100
0100111101111001
1011110101000000
1111001111011100
1100001110110011
0110110001001000
1001100010101011
1010111010000101
1101011001010111
1010010010110101
0001100111110010
1111010101111000
1110100001001010
0010100001101011
1001100010101000
0110111100101100
0110001011110111
1110111101010101
1111001100100111
1100101001001101
0101000111011101
0010111101110010
1111011000000001
0001001000011000
1000001001000111
1100001010111111
1101100101010010
0101110001000000
1000011100010100
1101101111001101
1011010101110111
1100100011001001
1100110000100111
1101011100111001
1001110101001100
0001001000110100
0010010010100101
0111000001010110
0101011000101110
1000100111011101
0011101001100001
1100011110100001
0110100100110001
0100001010110010
1100100100111000
0011001111111100
0111111001110100
0001100010111011
1010011101000100
1010010111000000
0001000010110101
0110111000110000
1010111001000110
1010110001001110
0000000111000011
0100010101110111
0010110111111001
1101001111000100
0011000101100011
1111100110000101
0101101000010011
1011011100010011
0111111010110011
0011111000001001
0110110100101110
0010000001110000
1010100011011001
0111001001000000
1000001011110011
0100101011111101
0100111011011001
1010010010010110
0011011000110000
0010100101011100
0111111001100110
1000000101001010
0100111000000010
0001011001001011
0011100111111010
0110000110011111
0011011100100010
1010100111011001
1001100000001111
0100000100010101
1110111110101000
0100111001101101
1110110000110101
0101001010010010
0000100110011000
1110011101001100
1110110101111101
1110111100101001
1011000010111010
1100010001111010
1110110000101100
1000101110010001
0001010001111000
0111011101110101
1101100100101111
1110110100010000
1111011000000011
1000001101101100
0100111111110110
1101000111110111
1110111101011010
0100111001101110
1011110000101101
0110001111101001
1000001101000000
1000000110011000
1100010000110101
0100000010010010
0110000111010010
0100101110000001
0010111000010101
1111000101010111
1100110001100010
1110111010101010
0010101100010010
1100110101111100
1100011001110101
0110111111101011
1110010111010000
1001001111110000
1011010000101111
1010111000111011
1101101001001110
0000110010101111
1101011001100010
1000010010011110
0101001101010111
0000111101111111
0111101000001111
1010100110011000
1111011001011011
0001000000011101
1110111100000101
1000101011101011
0111010001011111
0100000011111010
1000001011110001
1011111111110110
0110011010100000
1011000010001010
1111101010100000
1111000101100101
0110101001110010
1001010001000001
0110000111001100
1011010110100000
0110001011101100
0010110000010100
0110100111001110
0111101001100101
0010001010011111
0000110100100111
1000101000101101
1100000000100110
1011111011011100
0001110001001100
1101101011000111
0000110100111111
1100010011101001
1101100001010000
0011001110110101
0011111100111001
1101010110101101
1001100111110110
1010010010100110
1100010101110001
1011101110101000
1100001101111011
1000100111111101
1110011001101111
1011111111101111
1001100100100100
0100001100010100
0000010000100010
1110100101010100
0100111001011100
0010100110001111
0111101001011011
1001101000100010
1101100011010110
1000010101001110
0110101111001001
0000000110110000
1100111101000101
0111100010000001
1001011001110011
0001010010110000
0011101011100100
1111011111010010
1100010011101100
1001110010110000
1010111001010100
0100010011101011
1011110101001000
1111101110101000
1001100101110000
1100011101011100
1010001111010100
0111101101011100
1000111110101001
1100011111110000
0001000011111011
1110101110001111
0100101110101011
0111101001100101
1010111001101100
0000000110011010
0011000001000010
1110001101001001
0000101100110010
0001101111001100
1000010010011001
0001010101001110
0101100000001110
0001011010010011
1001101010111110
0110001101110110
0111011110001110
0100100001110011
1001110011000101
1111111111111100
0100111101000100
1001111000010010
1110111010101100
1011001110000000
0101111001001101
1011100000111010
1011011111001001
0010111011001001
0001101010001011
0011010011111101
1111100100110110
1000101010100001
1111011001011000
0110100101010010
1010110100000111
1110100100101001
0011111110010111
1111001001100011
0001100011011111
0110000100110000
1100010101011011
0001111101010111
1010101000110001
1010100101111001
1000101010101010
1110000001000000
1101001010101101
1010001010100010
0110011110011100
0101010000001000
1000111000000000
1110010001011010
0010011100010100
0010110111010001
1001010111000010
1001111101111110
0100010010101011
1110100011000011
0001011001110110
1010100010010100
0101001011001011
1011101100000011
0111110011000100
1101101111000100
0101111101001101
0110101000100011
0101000100111100
0110110100110001
1110001111100010
0101111000111100
1110000011111110
0000010100010110
0000100100111101
1001101011100101
1110101001110001
0111101110101100
1000101101111110
1011000000010010
1011010100111100
0010011010100100
1000000011000111
0100100110100111
0010010011011111
1100001110000110
1100101011101000
0001000001001000
1000011010101101
1111111100100111
1011000001111011
1010000110000101
1110000010100100
1000001101100000
0100000011000000
0001111011001111
0011111101001101
1111011101001011
0010000011110110
0001110111101001
1011010100101010
0010010001011100
1010011001011100
1001010100111000
0101000101101000
0011001110111101
1101101011001000
0100101000110101
1000000011110010
1100010100110011
1101000111111001
1111110101000011
1111111100010001
1000000100100010
1001111011010111
1110001000100011
1010101010011011
1110001110111010
0000111110101111
0100010001101010
0010100001110111
1011111110100111
1010111101011001
0011111000101101
1010001111101011
1100110101101001
0111000000001011
0001110101101110
0011000100101000
1101100001000111
1111001001011100
0101000101100100
0001101011100100
0111101010111010
1110111110011111
0111110111111100
1101101100111110
0001101101010111
0111110010011001
0100101110010101
0100101010000101
1001001110010001
0100100110110011
1011011101111110
0110100000011101
1110010111111100
1100000101111101
1010101100101010
1000110001010100
0001011001111110
1100001100100111
1111111100001001
0111111101000111
1011101010110101
0000010100000010
1100101010001000
1111101001010110
0111000100011110
1001011111101000
1011000000000010
1000111111000010
0011000110100001
1101000010000110
0101110101111000
0010000010001111
0001111111110001
0010011000100111
1110010011110010
0010011000011100
0001000111100000
0000111001000101
0110000000111000
0001100101011101
1100011100110110
0110001010110111
0000010001101111
1010010101011000
1111101101111010
0100100010101000
0011101110101011
1111100100101111
1101010100100010
1000000010011110
0011000001011001
1100101010101111
1110001110111100
1000101000011000
0101010011011100
0110000001011110
1110010101010000
1010101000110100
0111111000000110
1110110011011011
0110011001100110
1110100100000001
1000101111111100
0000010010111001
1010000001111110
0110111110111101
1001000111110110
0111001101010111
0001001001110110
0010011001100011
1101010000000101
1110011100000110
1111011110001011
1010000010010110
0000110000110011
0111111100111110
1111010001110111
0000101111100001
1111101111111010
0010111110000101
0110001010011110
0001000110001011
0100111101110100
0110101110000001
1001100111111011
0101101001010110
0110111110000110
1110010001011111
1101101100011000
0101011010010000
1011001111011110
1110001110010111
0000100111100100
0110110110011101
0000111111111000
0111000110101110
1111100110101101
1010010100011001
1100000100100111
0001110100010010
1001001110000010
0110100011101101
1101001001101101
1010111000101000
0000110000100111
0101110000111101
1101101111101100
1001110010001100
1101111001011100
1010001101011110
0001111110011011
1000100010000100
1100011111110011
0101111110110001
1001000110000001
1101110100001101
1100100111000101
1110000000100010
1010111010110000
1110110000110101
1110010110110011
0001011110000001
1010110111000001
1001001111101011
1101010000011101
0000100000011000
1111111100011100
0110011011011000
1010010110000101
0111011001100001
1000011100101001
1100000101011100
1101000001101010
1001011100001111
0000010010111110
0110101101100100
0010000000101011
1111000111101000
0000101011011100
0000001011111000
1111011010111110
1000000101011101
1010010011101001
1000000100101001
0100110011000100
1000011001100111
0111011110111010
1111001111000001
0101001000010011
0111011110100101
0001010111111110
0110010110110111
1111011101100000
1000001110001101
1100100001111001
0011010011010011
1010010011000001
1010101011100110
0001100010111010
0111100011000011
0000011000011100
0011010111001011
0011001111000100
1001111011010011
1110100101010001
1000110111100110
0010010001110101
1000011111011100
0010101110100000
0011100111101000
0100110100100001
0101000010110001
0100001100001011
0001100011001111
0101111100000011
1110000011001101
1111000110110000
0011001011101011
0111100010011011
0011111010011100
1001110010001011
1001001000110110
1100100000001100
0101010011111100
0001111000100010
1110010110001011
0110010001011010
0000101100101101
0100000010010000
0100010100001001
0000000010101101
1110101100111110
1111011011110010
1110010110111001
0001110000001111
1100001100101010
0100001100110111
0111010000110101
1111001001010111
0000010010010101
0110110111000111
1100000111010011
1100101010111100
0100101011101111
1010011111001100
0000110010010011
1001101110100111
1011010101111011
0110101111100111
0011110011110100
0100101101000110
0111101010000110
1010011010010100
0110100110110101
0000010110000101
1110000101000111
1100111001101001
0001101100010111
1010000110110101
0001110000011010
1000011001111011
0001110100011010
0010110110111011
1110111010011010
1001101000100011
0011001100101001
0111000100000111
0011111000001100
1010010001111011
1100000110000000
0111101010110010
0110110111111000
0101001000001111
1110111001010011
1101001101101010
1001111000111110
1010111001100110
1101100001100000
1101010011110001
0101111010111110
0010100110001101
1000010100110100
1101001100010100
0001011110110110
1101010010001000
1111010010000011
1000011001101001
0000010001010001
1110010010011011
1100010010101100
1011011111000001
0001100010111001
1010011101101001
1001000001000010
1001110010010011
1010110000011000
1010001110110110
0100101011101000
1101101011001101
1000010011111010
0110000100100011
1110011001101010
0000001000000010
1110101100111101
1100110001011100
1111111011110011
1101011100110110
0110110010101011
0000011101001111
1101110111110000
0111110101100100
0110100010101110
1010010011100001
1110010001101100
0100001101110111
0101011010001000
1001001001010001
1011001110011101
0100000100010110
0010101010011101
1100111001000110
0001101111111011
0001101001001001
1011011010100011
1100011100001110
0011011100101101
1000011101001101
1111110010110001
0001101100100000
1111100010011111
0101111100110111
1011110000111010
1100000001000000
1111010011111101
0101101010101110
1000100000011000
0000100001010010
0101000101100000
1010011100101100
1111010110110011
0001011111101011
1101111101101110
0111101111110000
1111100100110011
1110001010110000
1101010101010110
1101000101010100
0010100111000111
1101010000000011
0101111011010101
1001111010111100
1111101001001011
0001001101011011
1110000010110000
0001100001000100
1010101001000011
0101000011010100
0010110000111100
0010101100010100
1101001010110011
0011100100000111
1010001010010011
1000101110000100
1100010110000001
1100110011010110
0010110101011000
0001000101011011
1111011110110010
1001000101101110
1001001000111000
1101000111110011
1111001001000110
1010110100101010
1101001110011011
1011101001101010
1100100100010101
0100100100111101
1101100101101001
0100101110000010
0110010101110001
1000011101110101
0100111010001101
0001111110011000
1101001101111111
0111100100110011
1011000001000100
1111110011010011
1110000001011000
0000101101101110
0111000100000110
1110111100011111
1010101111110110
1101010000101101
1001000000000111
1110110111001110
1011000010010011
0100010111100001
1101001110001011
0001110100100000
1011100111011101
0001111110000110
0011110111100110
0110011000001110
0101000010100101
0001011000011010
0010001110101110
1000001011111100
0001011001001101
0010001100110101
0000001001010001
1001111000111011
0110001010111101
0001100001000111
1110110110111001
1101000001000001
0010001110010110
1110110110110011
0100001101001000
1101010101100101
1011000010110001
0110001110111101
1011101100001001
0001101000110011
1010111001011001
1000011111001111
0101111010001100
0101011000110110
0010011110010110
0000101111110111
0001101000111001
0011000100110110
0110011000100001
0011000010010101
1010110001100110
0001110101101111
1111000000100111
0101101001110001
0101001010011011
1110001000100011
1010101111110010
1101001010010100
1010111011110100
1101111111110110
1101000000011110
1001111101110100
1010001001100000
1001000001011110
0011111111111101
0010010100000100
1100111100001110
0101100001000101
0011000100111110
0111010011010000
0010111110010011
1110110000101001
0100010010110110
0010000000101010
0011111111011000
1010110100011001
0111001000100000
1011011011011111
1011011110110100
0100101011000011
0111010000100011
0101010000001101
0100010000110100
1101110010010001
1000000010010100
1010010011110000
1100111000100111
1011001010110000
0111111101111100
0101000101100001
1101010101000011
0110101110111011
0110101010000011
0110001111000110
1000011100101110
1000010100100010
0001111110010110
0100011011011000
0011000100011110
0100111001010000
1001101000001010
1100100011001100
1000111111110111
1100101010110101
0110111100001101
1101110110100100
0000110100000001
1100001000001101
0001100111100000
1101100001010100
1011100101110000
1010111110011000
1101011000000000
1101110010000100
0011000011110100
1000000100101011
1110100000001110
0100000110000010
0110110011001100
1000000110110000
0000101100101100
1000111001010100
0110101110000110
0101100000000011
1101111101000100
1011000011011011
1100001100011010
0010000101101001
0001101100001010
1100100001100000
0100110100001110
1111100101101100
0111100001100111
1110000110010010
1111101110000010
0110110110110110
0110101000010000
1110111100000101
1000101101000110
0100110101110011
1101111110101110
1110110000000000
0101000011101000
1100010000100001
0000101001000000
1111101000111101
1000010010100000
0101001011100100
0010011010010111
0001010000010100
1011010010110001
1000010111100001
0010100101100000
1110111101100001
1001101101101100
1000000001101101
0001101110001111
0110011101111101
1101101010110110
1010010111010000
0010011101100101
1000000111010000
0011111100010010
0100110010001110
0010101100110011
1100010111001000
0001011000111100
1100101111000111
0010111011110001
1110111011101101
1101101101001110
0010100001110010
0110101100001011
1100110011110011
0011000110001000
1000001100111010
1000000111100001
1001110000010001
0101110110010100
0101000001101010
1001010000001100
0110001000001100
1001111101011100
0000000011111011
1111011001010001
0000111001100110
0101001110111010
0111100000111000
0101110011001011
0100010010100011
0100101011101100
0110000001110100
0111111111100100
0000010111101001
0010000001000110
0111001000110001
0001000010111111
0000010011110110
0101000010111000
0000100100101110
