000000000
000000010
000000100
000000110
000001000
001001011
001001001
001000111
001000101
001000011
111001011
111001001
111000111
111000101
111000011
011110110
011111000
011111010
011111100
011111110
011001100
011001110
011010000
011010010
011010100
011110011
011110001
100010000
100010010
100010100
001011100
001011110
110011111
110011101
110011011
101001010
101001100
101001110
101010000
101010010
001110010
001110100
001110110
001111000
001111010
001010011
001010001
110110000
110110010
110110100
100000101
100000011
100000001
100000000
100000010
100110011
100110001
011010000
011010010
011010100
101010111
101010101
101010011
101010001
010110000
101110010
101110100
101110110
101111000
101111010
111111101
111111011
111111001
111110111
111110101
110100100
110100110
110101000
110101010
110101100
010001101
010001011
010001001
010000111
010000101
110100001
001100000
001100010
001100100
001100110
011100101
011100011
011100001
100100000
100100010
101000111
101000101
101000011
101000001
011000000
101010001
010110000
010110010
010110100
010110110
011110011
011110001
100010000
100010010
100010100
111010001
000110000
000110010
000110100
000110110
000000111
000000101
000000011
000000001
100000000
111000001
001000000
001000010
001000100
001000110
001000111
001000101
001000011
001000001
111000000
101010011
101010001
010110000
010110010
010110100
010101000
010101010
010101100
010101110
010110000
111010001
000110000
000110010
000110100
000110110
011110101
011110011
011110001
100010000
100010010
101010110
101011000
101011010
101011100
101011110
110010010
110010100
110010110
110011000
110011010
010001010
010001100
010001110
010010000
010010010
100110110
100111000
100111010
100111100
100111110
110110111
110110101
110110011
110110001
001010000
011001001
011000111
011000101
011000011
011000001
001000010
001000100
001000110
001001000
001001010
011010110
011011000
011011010
011011100
011011110
011100100
011100110
011101000
011101010
011101100
111000110
111001000
111001010
111001100
111001110
110101100
110101110
110110000
110110010
110110100
000010000
000010010
000010100
000010110
000011000
000100100
000100110
000101000
000101010
000101100
001000101
001000011
001000001
111000000
111000010
111100101
111100011
111100001
000100000
000100010
010100111
010100101
010100011
010100001
101100000
011001000
011001010
011001100
011001110
011010000
110010001
001110000
001110010
001110100
001110110
100111100
100111110
010111111
010111101
010111011
001111001
001110111
001110101
001110011
001110001
000111101
000111011
000111001
000110111
000110101
110111100
110111110
000111111
000111101
000111011
000110110
000111000
000111010
000111100
000111110
100000110
100001000
100001010
100001100
100001110
000010010
000010100
000010110
000011000
000011010
101011100
101011110
010011111
010011101
010011011
011110011
011110001
100010000
100010010
100010100
101010001
010110000
010110010
010110100
010110110
110100010
110100100
110100110
110101000
110101010
100100011
100100001
011100000
011100010
011100100
111110001
000010000
000010010
000010100
000010110
101010000
101010010
101010100
101010110
101011000
100011011
100011001
100010111
100010101
100010011
101000010
101000100
101000110
101001000
101001010
001101011
001101001
001100111
001100101
001100011
100110011
100110001
011010000
011010010
011010100
110110101
110110011
110110001
001010000
001010010
101111110
001111111
001111101
001111011
001111001
000010010
000010100
000010110
000011000
000011010
100010001
011110000
011110010
011110100
011110110
110111111
110111101
110111011
110111001
110110111
110011111
110011101
110011011
110011001
110010111
010110010
010110100
010110110
010111000
010111010
111111100
111111110
011111111
011111111
011111101
100111000
100111010
100111100
100111110
010111111
010010010
010010100
010010110
010011000
010011010
000010100
000010110
000011000
000011010
000011100
000101110
000110000
000110010
000110100
000110110
001000110
001001000
001001010
001001100
001001110
011101110
011110000
011110010
011110100
011110110
010110110
010111000
010111010
010111100
010111110
110101010
110101100
110101110
110110000
110110010
011110000
011110010
011110100
011110110
011111000
011110011
011110001
100010000
100010010
100010100
000000111
000000101
000000011
000000001
100000000
000000011
000000001
100000000
100000000
100000010
101000001
011000000
011000010
011000100
011000110
101000100
101000110
101001000
101001010
101001100
100000001
100000000
100000010
100000100
100000110
110001000
110001010
110001100
110001110
110010000
000110000
000110010
000110100
000110110
000111000
000010001
111110000
111110010
111110100
111110110
101101100
101101110
101110000
101110010
101110100
111010001
000110000
000110010
000110100
000110110
001101010
001101100
001101110
001110000
001110010
001000001
111000000
111000010
111000100
111000110
011010111
011010101
011010011
011010001
100110000
101000010
101000100
101000110
101001000
101001010
111000110
111001000
111001010
111001100
111001110
110010111
110010101
110010011
110010001
001110000
111110000
111110010
111110100
111110110
111111000
101010001
010110000
010110010
010110100
010110110
110110000
110110010
110110100
110110110
110111000
000110100
000110110
000111000
000111010
000111100
100011001
100010111
100010101
100010011
100010001
110111100
110111110
000111111
000111101
000111011
010101011
010101001
010100111
010100101
010100011
111100110
111101000
111101010
111101100
111101110
110110010
110110100
110110110
110111000
110111010
000101110
000110000
000110010
000110100
000110110
100011100
100011110
011011111
011011101
011011011
001010110
001011000
001011010
001011100
001011110
011101100
011101110
011110000
011110010
011110100
010111000
010111010
010111100
010111110
100111111
110001100
110001110
110010000
110010010
110010100
110010101
110010011
110010001
001110000
001110010
011110101
011110011
011110001
100010000
100010010
111011010
111011100
111011110
000011111
000011101
110010101
110010011
110010001
001110000
001110010
000000000
000000010
000000100
000000110
000001000
001101001
001100111
001100101
001100011
001100001
101100000
101100010
101100100
101100110
101101000
001100101
001100011
001100001
110100000
110100010
110010000
110010010
110010100
110010110
110011000
111111010
111111100
111111110
011111111
011111111
001011111
001011101
001011011
001011001
001010111
011101110
011110000
011110010
011110100
011110110
010010111
010010101
010010011
010010001
101110000
101110111
101110101
101110011
101110001
010010000
110010111
110010101
110010011
110010001
001110000
001011100
001011110
110011111
110011101
110011011
101001011
101001001
101000111
101000101
101000011
111100111
111100101
111100011
111100001
000100000
100100011
100100001
011100000
011100010
011100100
001100110
001101000
001101010
001101100
001101110
100100110
100101000
100101010
100101100
100101110
101111101
101111011
101111001
101110111
101110101
100110110
100111000
100111010
100111100
100111110
010110100
010110110
010111000
010111010
010111100
010001010
010001100
010001110
010010000
010010010
000110110
000111000
000111010
000111100
000111110
000110000
000110010
000110100
000110110
000111000
001011110
110011111
110011101
110011011
110011001
010111101
010111011
010111001
010110111
010110101
000010001
111110000
111110010
111110100
111110110
001010100
001010110
001011000
001011010
001011100
001101101
001101011
001101001
001100111
001100101
100000100
100000110
100001000
100001010
100001100
001011000
001011010
001011100
001011110
110011111
100111000
100111010
100111100
100111110
010111111
100110110
100111000
100111010
100111100
100111110
101010010
101010100
101010110
101011000
101011010
001011010
001011100
001011110
110011111
110011101
100100100
100100110
100101000
100101010
100101100
111100110
111101000
111101010
111101100
111101110
111011101
111011011
111011001
111010111
111010101
111010010
111010100
111010110
111011000
111011010
101110011
101110001
010010000
010010010
010010100
110010010
110010100
110010110
110011000
110011010
110001100
110001110
110010000
110010010
110010100
100001000
100001010
100001100
100001110
100010000
100110001
011010000
011010010
011010100
011010110
100110110
100111000
100111010
100111100
100111110
100101101
100101011
100101001
100100111
100100101
100110100
100110110
100111000
100111010
100111100
111101000
111101010
111101100
111101110
111110000
111111011
111111001
111110111
111110101
111110011
001100000
001100010
001100100
001100110
001101000
111100100
111100110
111101000
111101010
111101100
110100110
110101000
110101010
110101100
110101110
111010110
111011000
111011010
111011100
111011110
011001100
011001110
011010000
011010010
011010100
001110101
001110011
001110001
110010000
110010010
011000011
011000001
101000000
101000010
101000100
111101000
111101010
111101100
111101110
111110000
111110100
111110110
111111000
111111010
111111100
110001000
110001010
110001100
110001110
110010000
101111000
101111010
101111100
101111110
001111111
001001110
001010000
001010010
001010100
001010110
011001111
011001101
011001011
011001001
011000111
011010111
011010101
011010011
011010001
100110000
100000001
100000000
100000010
100000100
100000110
100100101
100100011
100100001
011100000
011100010
001101011
001101001
001100111
001100101
001100011
001100100
001100110
001101000
001101010
001101100
010001110
010010000
010010010
010010100
010010110
100110110
100111000
100111010
100111100
100111110
100100000
100100010
100100100
100100110
100101000
100000100
100000110
100001000
100001010
100001100
101100100
101100110
101101000
101101010
101101100
011101100
011101110
011110000
011110010
011110100
010010000
010010010
010010100
010010110
010011000
001010000
001010010
001010100
001010110
001011000
001110110
001111000
001111010
001111100
001111110
011001100
011001110
011010000
011010010
011010100
011110101
011110011
011110001
100010000
100010010
000110111
000110101
000110011
000110001
111010000
110010110
110011000
110011010
110011100
110011110
101011111
101011101
101011011
101011001
101010111
011000010
011000100
011000110
011001000
011001010
