00000000000000000
00000000000000010
00000000000000100
00000000000000110
00000000000001000
00000000000001010
00000000000001100
00000000000001110
00000000000010000
00000000000010010
00000000000010100
00000000000010110
00000000000011000
00000000000011010
00000000000011100
00000000000011110
00000000000100000
00000000000100010
00000000000100100
00000000000100110
00000000000101000
00000000000101010
00000000000101100
00000000000101110
00000000000110000
00000000000110010
00000000000110100
00000000000110110
00000000000111000
00000000000111010
00000000000111100
00000000000111110
00000000001000000
00000000001000010
00000000001000100
00000000001000110
00000000001001000
00000000001001010
00000000001001100
00000000001001110
00000000001010000
00000000001010010
00000000001010100
00000000001010110
00000000001011000
00000000001011010
00000000001011100
00000000001011110
00000000001100000
00000000001100010
00000000001100100
00000000001100110
00000000001101000
00000000001101010
00000000001101100
00000000001101110
00000000001110000
00000000001110010
00000000001110100
00000000001110110
00000000001111000
00000000001111010
00000000001111100
00000000001111110
00000000010000000
00000000010000010
00000000010000100
00000000010000110
00000000010001000
00000000010001010
00000000010001100
00000000010001110
00000000010010000
00000000010010010
00000000010010100
00000000010010110
00000000010011000
00000000010011010
00000000010011100
00000000010011110
00000000010100000
00000000010100010
00000000010100100
00000000010100110
00000000010101000
00000000010101010
00000000010101100
00000000010101110
00000000010110000
00000000010110010
00000000010110100
00000000010110110
00000000010111000
00000000010111010
00000000010111100
00000000010111110
00000000011000000
00000000011000010
00000000011000100
00000000011000110
00000000011001000
00000000011001010
00000000011001100
00000000011001110
00000000011010000
00000000011010010
00000000011010100
00000000011010110
00000000011011000
00000000011011010
00000000011011100
00000000011011110
00000000011100000
00000000011100010
00000000011100100
00000000011100110
00000000011101000
00000000011101010
00000000011101100
00000000011101110
00000000011110000
00000000011110010
00000000011110100
00000000011110110
00000000011111000
00000000011111010
00000000011111100
00000000011111110
00000000100000000
00000000100000010
00000000100000100
00000000100000110
00000000100001000
00000000100001010
00000000100001100
00000000100001110
00000000100010000
00000000100010010
00000000100010100
00000000100010110
00000000100011000
00000000100011010
00000000100011100
00000000100011110
00000000100100000
00000000100100010
00000000100100100
00000000100100110
00000000100101000
00000000100101010
00000000100101100
00000000100101110
00000000100110000
00000000100110010
00000000100110100
00000000100110110
00000000100111000
00000000100111010
00000000100111100
00000000100111110
00000000101000000
00000000101000010
00000000101000100
00000000101000110
00000000101001000
00000000101001010
00000000101001100
00000000101001110
00000000101010000
00000000101010010
00000000101010100
00000000101010110
00000000101011000
00000000101011010
00000000101011100
00000000101011110
00000000101100000
00000000101100010
00000000101100100
00000000101100110
00000000101101000
00000000101101010
00000000101101100
00000000101101110
00000000101110000
00000000101110010
00000000101110100
00000000101110110
00000000101111000
00000000101111010
00000000101111100
00000000101111110
00000000110000000
00000000110000010
00000000110000100
00000000110000110
00000000110001000
00000000110001010
00000000110001100
00000000110001110
00000000110010000
00000000110010010
00000000110010100
00000000110010110
00000000110011000
00000000110011010
00000000110011100
00000000110011110
00000000110100000
00000000110100010
00000000110100100
00000000110100110
00000000110101000
00000000110101010
00000000110101100
00000000110101110
00000000110110000
00000000110110010
00000000110110100
00000000110110110
00000000110111000
00000000110111010
00000000110111100
00000000110111110
00000000111000000
00000000111000010
00000000111000100
00000000111000110
00000000111001000
00000000111001010
00000000111001100
00000000111001110
00000000111010000
00000000111010010
00000000111010100
00000000111010110
00000000111011000
00000000111011010
00000000111011100
00000000111011110
00000000111100000
00000000111100010
00000000111100100
00000000111100110
00000000111101000
00000000111101010
00000000111101100
00000000111101110
00000000111110000
00000000111110010
00000000111110100
00000000111110110
00000000111111000
00000000111111010
00000000111111100
00000000111111110
11111110111111111
11111110111111101
11111110111111011
11111110111111001
11111110111110111
11111110111110101
11111110111110011
11111110111110001
11111110111101111
11111110111101101
11111110111101011
11111110111101001
11111110111100111
11111110111100101
11111110111100011
11111110111100001
11111110111011111
11111110111011101
11111110111011011
11111110111011001
11111110111010111
11111110111010101
11111110111010011
11111110111010001
11111110111001111
11111110111001101
11111110111001011
11111110111001001
11111110111000111
11111110111000101
11111110111000011
11111110111000001
11111110110111111
11111110110111101
11111110110111011
11111110110111001
11111110110110111
11111110110110101
11111110110110011
11111110110110001
11111110110101111
11111110110101101
11111110110101011
11111110110101001
11111110110100111
11111110110100101
11111110110100011
11111110110100001
11111110110011111
11111110110011101
11111110110011011
11111110110011001
11111110110010111
11111110110010101
11111110110010011
11111110110010001
11111110110001111
11111110110001101
11111110110001011
11111110110001001
11111110110000111
11111110110000101
11111110110000011
11111110110000001
11111110101111111
11111110101111101
11111110101111011
11111110101111001
11111110101110111
11111110101110101
11111110101110011
11111110101110001
11111110101101111
11111110101101101
11111110101101011
11111110101101001
11111110101100111
11111110101100101
11111110101100011
11111110101100001
11111110101011111
11111110101011101
11111110101011011
11111110101011001
11111110101010111
11111110101010101
11111110101010011
11111110101010001
11111110101001111
11111110101001101
11111110101001011
11111110101001001
11111110101000111
11111110101000101
11111110101000011
11111110101000001
11111110100111111
11111110100111101
11111110100111011
11111110100111001
11111110100110111
11111110100110101
11111110100110011
11111110100110001
11111110100101111
11111110100101101
11111110100101011
11111110100101001
11111110100100111
11111110100100101
11111110100100011
11111110100100001
11111110100011111
11111110100011101
11111110100011011
11111110100011001
11111110100010111
11111110100010101
11111110100010011
11111110100010001
11111110100001111
11111110100001101
11111110100001011
11111110100001001
11111110100000111
11111110100000101
11111110100000011
11111110100000001
00000001100000000
00000001100000010
00000001100000100
00000001100000110
00000001100001000
00000001100001010
00000001100001100
00000001100001110
00000001100010000
00000001100010010
00000001100010100
00000001100010110
00000001100011000
00000001100011010
00000001100011100
00000001100011110
00000001100100000
00000001100100010
00000001100100100
00000001100100110
00000001100101000
00000001100101010
00000001100101100
00000001100101110
00000001100110000
00000001100110010
00000001100110100
00000001100110110
00000001100111000
00000001100111010
00000001100111100
00000001100111110
00000001101000000
00000001101000010
00000001101000100
00000001101000110
00000001101001000
00000001101001010
00000001101001100
00000001101001110
00000001101010000
00000001101010010
00000001101010100
00000001101010110
00000001101011000
00000001101011010
00000001101011100
00000001101011110
00000001101100000
00000001101100010
00000001101100100
00000001101100110
00000001101101000
00000001101101010
00000001101101100
00000001101101110
00000001101110000
00000001101110010
00000001101110100
00000001101110110
00000001101111000
00000001101111010
00000001101111100
00000001101111110
00000001110000000
00000001110000010
00000001110000100
00000001110000110
00000001110001000
00000001110001010
00000001110001100
00000001110001110
00000001110010000
00000001110010010
00000001110010100
00000001110010110
00000001110011000
00000001110011010
00000001110011100
00000001110011110
00000001110100000
00000001110100010
00000001110100100
00000001110100110
00000001110101000
00000001110101010
00000001110101100
00000001110101110
00000001110110000
00000001110110010
00000001110110100
00000001110110110
00000001110111000
00000001110111010
00000001110111100
00000001110111110
00000001111000000
00000001111000010
00000001111000100
00000001111000110
00000001111001000
00000001111001010
00000001111001100
00000001111001110
00000001111010000
00000001111010010
00000001111010100
00000001111010110
00000001111011000
00000001111011010
00000001111011100
00000001111011110
00000001111100000
00000001111100010
00000001111100100
00000001111100110
00000001111101000
00000001111101010
00000001111101100
00000001111101110
00000001111110000
00000001111110010
00000001111110100
00000001111110110
00000001111111000
00000001111111010
00000001111111100
00000001111111110
11111101111111111
11111101111111101
11111101111111011
11111101111111001
11111101111110111
11111101111110101
11111101111110011
11111101111110001
11111101111101111
11111101111101101
11111101111101011
11111101111101001
11111101111100111
11111101111100101
11111101111100011
11111101111100001
11111101111011111
11111101111011101
11111101111011011
11111101111011001
11111101111010111
11111101111010101
11111101111010011
11111101111010001
11111101111001111
11111101111001101
11111101111001011
11111101111001001
11111101111000111
11111101111000101
11111101111000011
11111101111000001
11111101110111111
11111101110111101
11111101110111011
11111101110111001
11111101110110111
11111101110110101
11111101110110011
11111101110110001
11111101110101111
11111101110101101
11111101110101011
11111101110101001
11111101110100111
11111101110100101
11111101110100011
11111101110100001
11111101110011111
11111101110011101
11111101110011011
11111101110011001
11111101110010111
11111101110010101
11111101110010011
11111101110010001
11111101110001111
11111101110001101
11111101110001011
11111101110001001
11111101110000111
11111101110000101
11111101110000011
11111101110000001
11111101101111111
11111101101111101
11111101101111011
11111101101111001
11111101101110111
11111101101110101
11111101101110011
11111101101110001
11111101101101111
11111101101101101
11111101101101011
11111101101101001
11111101101100111
11111101101100101
11111101101100011
11111101101100001
11111101101011111
11111101101011101
11111101101011011
11111101101011001
11111101101010111
11111101101010101
11111101101010011
11111101101010001
11111101101001111
11111101101001101
11111101101001011
11111101101001001
11111101101000111
11111101101000101
11111101101000011
11111101101000001
11111101100111111
11111101100111101
11111101100111011
11111101100111001
11111101100110111
11111101100110101
11111101100110011
11111101100110001
11111101100101111
11111101100101101
11111101100101011
11111101100101001
11111101100100111
11111101100100101
11111101100100011
11111101100100001
11111101100011111
11111101100011101
11111101100011011
11111101100011001
11111101100010111
11111101100010101
11111101100010011
11111101100010001
11111101100001111
11111101100001101
11111101100001011
11111101100001001
11111101100000111
11111101100000101
11111101100000011
11111101100000001
00000010100000000
00000010100000010
00000010100000100
00000010100000110
00000010100001000
00000010100001010
00000010100001100
00000010100001110
00000010100010000
00000010100010010
00000010100010100
00000010100010110
00000010100011000
00000010100011010
00000010100011100
00000010100011110
00000010100100000
00000010100100010
00000010100100100
00000010100100110
00000010100101000
00000010100101010
00000010100101100
00000010100101110
00000010100110000
00000010100110010
00000010100110100
00000010100110110
00000010100111000
00000010100111010
00000010100111100
00000010100111110
00000010101000000
00000010101000010
00000010101000100
00000010101000110
00000010101001000
00000010101001010
00000010101001100
00000010101001110
00000010101010000
00000010101010010
00000010101010100
00000010101010110
00000010101011000
00000010101011010
00000010101011100
00000010101011110
00000010101100000
00000010101100010
00000010101100100
00000010101100110
00000010101101000
00000010101101010
00000010101101100
00000010101101110
00000010101110000
00000010101110010
00000010101110100
00000010101110110
00000010101111000
00000010101111010
00000010101111100
00000010101111110
00000010110000000
00000010110000010
00000010110000100
00000010110000110
00000010110001000
00000010110001010
00000010110001100
00000010110001110
00000010110010000
00000010110010010
00000010110010100
00000010110010110
00000010110011000
00000010110011010
00000010110011100
00000010110011110
00000010110100000
00000010110100010
00000010110100100
00000010110100110
00000010110101000
00000010110101010
00000010110101100
00000010110101110
00000010110110000
00000010110110010
00000010110110100
00000010110110110
00000010110111000
00000010110111010
00000010110111100
00000010110111110
00000010111000000
00000010111000010
00000010111000100
00000010111000110
00000010111001000
00000010111001010
00000010111001100
00000010111001110
00000010111010000
00000010111010010
00000010111010100
00000010111010110
00000010111011000
00000010111011010
00000010111011100
00000010111011110
00000010111100000
00000010111100010
00000010111100100
00000010111100110
00000010111101000
00000010111101010
00000010111101100
00000010111101110
00000010111110000
00000010111110010
00000010111110100
00000010111110110
00000010111111000
00000010111111010
00000010111111100
00000010111111110
11111100111111111
11111100111111101
11111100111111011
11111100111111001
11111100111110111
11111100111110101
11111100111110011
11111100111110001
11111100111101111
11111100111101101
11111100111101011
11111100111101001
11111100111100111
11111100111100101
11111100111100011
11111100111100001
11111100111011111
11111100111011101
11111100111011011
11111100111011001
11111100111010111
11111100111010101
11111100111010011
11111100111010001
11111100111001111
11111100111001101
11111100111001011
11111100111001001
11111100111000111
11111100111000101
11111100111000011
11111100111000001
11111100110111111
11111100110111101
11111100110111011
11111100110111001
11111100110110111
11111100110110101
11111100110110011
11111100110110001
11111100110101111
11111100110101101
11111100110101011
11111100110101001
11111100110100111
11111100110100101
11111100110100011
11111100110100001
11111100110011111
11111100110011101
11111100110011011
11111100110011001
11111100110010111
11111100110010101
11111100110010011
11111100110010001
11111100110001111
11111100110001101
11111100110001011
11111100110001001
11111100110000111
11111100110000101
11111100110000011
11111100110000001
11111100101111111
11111100101111101
11111100101111011
11111100101111001
11111100101110111
11111100101110101
11111100101110011
11111100101110001
11111100101101111
11111100101101101
11111100101101011
11111100101101001
11111100101100111
11111100101100101
11111100101100011
11111100101100001
11111100101011111
11111100101011101
11111100101011011
11111100101011001
11111100101010111
11111100101010101
11111100101010011
11111100101010001
11111100101001111
11111100101001101
11111100101001011
11111100101001001
11111100101000111
11111100101000101
11111100101000011
11111100101000001
11111100100111111
11111100100111101
11111100100111011
11111100100111001
11111100100110111
11111100100110101
11111100100110011
11111100100110001
11111100100101111
11111100100101101
11111100100101011
11111100100101001
11111100100100111
11111100100100101
11111100100100011
11111100100100001
11111100100011111
11111100100011101
11111100100011011
11111100100011001
11111100100010111
11111100100010101
11111100100010011
11111100100010001
11111100100001111
11111100100001101
11111100100001011
11111100100001001
11111100100000111
11111100100000101
11111100100000011
11111100100000001
00000011100000000
00000011100000010
00000011100000100
00000011100000110
00000011100001000
00000011100001010
00000011100001100
00000011100001110
00000011100010000
00000011100010010
00000011100010100
00000011100010110
00000011100011000
00000011100011010
00000011100011100
00000011100011110
00000011100100000
00000011100100010
00000011100100100
00000011100100110
00000011100101000
00000011100101010
00000011100101100
00000011100101110
00000011100110000
00000011100110010
00000011100110100
00000011100110110
00000011100111000
00000011100111010
00000011100111100
00000011100111110
00000011101000000
00000011101000010
00000011101000100
00000011101000110
00000011101001000
00000011101001010
00000011101001100
00000011101001110
00000011101010000
00000011101010010
00000011101010100
00000011101010110
00000011101011000
00000011101011010
00000011101011100
00000011101011110
00000011101100000
00000011101100010
00000011101100100
00000011101100110
00000011101101000
00000011101101010
00000011101101100
00000011101101110
00000011101110000
00000011101110010
00000011101110100
00000011101110110
00000011101111000
00000011101111010
00000011101111100
00000011101111110
00000011110000000
00000011110000010
00000011110000100
00000011110000110
00000011110001000
00000011110001010
00000011110001100
00000011110001110
00000011110010000
00000011110010010
00000011110010100
00000011110010110
00000011110011000
00000011110011010
00000011110011100
00000011110011110
00000011110100000
00000011110100010
00000011110100100
00000011110100110
00000011110101000
00000011110101010
00000011110101100
00000011110101110
00000011110110000
00000011110110010
00000011110110100
00000011110110110
00000011110111000
00000011110111010
00000011110111100
00000011110111110
00000011111000000
00000011111000010
00000011111000100
00000011111000110
00000011111001000
00000011111001010
00000011111001100
00000011111001110
