00000000000000000
00000000000000010
00000000000000100
00000000000000110
00000000000001000
00000000000001010
00000000000001100
00000000000001110
00000000000010000
00000000000010010
00000000000010100
00000000000010110
00000000000011000
00000000000011010
00000000000011100
00000000000011110
00000000000100000
00000000000100010
00000000000100100
00000000000100110
00000000000101000
00000000000101010
00000000000101100
00000000000101110
00000000000110000
00000000000110010
00000000000110100
00000000000110110
00000000000111000
00000000000111010
00000000000111100
00000000000111110
00000000001000000
00000000001000010
00000000001000100
00000000001000110
00000000001001000
00000000001001010
00000000001001100
00000000001001110
00000000001010000
00000000001010010
00000000001010100
00000000001010110
00000000001011000
00000000001011010
00000000001011100
00000000001011110
00000000001100000
00000000001100010
00000000001100100
00000000001100110
00000000001101000
00000000001101010
00000000001101100
00000000001101110
00000000001110000
00000000001110010
00000000001110100
00000000001110110
11000001000000100
11000001000000110
11000001000001000
11000001000001010
11000001000001100
11000001000001110
11000001000010000
11000001000010010
11000001000010100
11000001000010110
11000001000011000
11000001000011010
11000001000011100
11000001000011110
11000001000100000
11000001000100010
11000001000100100
11000001000100110
11000001000101000
11000001000101010
11000001000101100
11000001000101110
11000001000110000
11000001000110010
11000001000110100
11000001000110110
11000001000111000
11000001000111010
11000001000111100
11000001000111110
11000001001000000
11000001001000010
11000001001000100
11000001001000110
11000001001001000
11000001001001010
11000001001001100
11000001001001110
11000001001010000
11000001001010010
11000001001010100
11000001001010110
11000001001011000
11000001001011010
11000001001011100
11000001001011110
11000001001100000
11000001001100010
11000001001100100
11000001001100110
11000001001101000
11000001001101010
11000001001101100
11000001001101110
11000001001110000
11000001001110010
11000001001110100
11000001001110110
11000001001111000
11000001001111010
11011101111101001
11011101111100111
11011101111100101
11011101111100011
11011101111100001
11011101111011111
11011101111011101
11011101111011011
11011101111011001
11011101111010111
11011101111010101
11011101111010011
11011101111010001
11011101111001111
11011101111001101
11011101111001011
11011101111001001
11011101111000111
11011101111000101
11011101111000011
11011101111000001
11011101110111111
11011101110111101
11011101110111011
11011101110111001
11011101110110111
11011101110110101
11011101110110011
11011101110110001
11011101110101111
11011101110101101
11011101110101011
11011101110101001
11011101110100111
11011101110100101
11011101110100011
11011101110100001
11011101110011111
11011101110011101
11011101110011011
11011101110011001
11011101110010111
11011101110010101
11011101110010011
11011101110010001
11011101110001111
11011101110001101
11011101110001011
11011101110001001
11011101110000111
11011101110000101
11011101110000011
11011101110000001
11011101101111111
11011101101111101
11011101101111011
11011101101111001
11011101101110111
11011101101110101
11011101101110011
10010001000010010
10010001000010100
10010001000010110
10010001000011000
10010001000011010
10010001000011100
10010001000011110
10010001000100000
10010001000100010
10010001000100100
10010001000100110
10010001000101000
10010001000101010
10010001000101100
10010001000101110
10010001000110000
10010001000110010
10010001000110100
10010001000110110
10010001000111000
10010001000111010
10010001000111100
10010001000111110
10010001001000000
10010001001000010
10010001001000100
10010001001000110
10010001001001000
10010001001001010
10010001001001100
10010001001001110
10010001001010000
10010001001010010
10010001001010100
10010001001010110
10010001001011000
10010001001011010
10010001001011100
10010001001011110
10010001001100000
10010001001100010
10010001001100100
10010001001100110
10010001001101000
10010001001101010
10010001001101100
10010001001101110
10010001001110000
10010001001110010
10010001001110100
10010001001110110
10010001001111000
10010001001111010
10010001001111100
10010001001111110
10010001010000000
10010001010000010
10010001010000100
10010001010000110
10010001010001000
10010100011110000
10010100011110010
10010100011110100
10010100011110110
10010100011111000
10010100011111010
10010100011111100
10010100011111110
10010100100000000
10010100100000010
10010100100000100
10010100100000110
10010100100001000
10010100100001010
10010100100001100
10010100100001110
10010100100010000
10010100100010010
10010100100010100
10010100100010110
10010100100011000
10010100100011010
10010100100011100
10010100100011110
10010100100100000
10010100100100010
10010100100100100
10010100100100110
10010100100101000
10010100100101010
10010100100101100
10010100100101110
10010100100110000
10010100100110010
10010100100110100
10010100100110110
10010100100111000
10010100100111010
10010100100111100
10010100100111110
10010100101000000
10010100101000010
10010100101000100
10010100101000110
10010100101001000
10010100101001010
10010100101001100
10010100101001110
10010100101010000
10010100101010010
10010100101010100
10010100101010110
10010100101011000
10010100101011010
10010100101011100
10010100101011110
10010100101100000
10010100101100010
10010100101100100
10010100101100110
00000101101100010
00000101101100100
00000101101100110
00000101101101000
00000101101101010
00000101101101100
00000101101101110
00000101101110000
00000101101110010
00000101101110100
00000101101110110
00000101101111000
00000101101111010
00000101101111100
00000101101111110
00000101110000000
00000101110000010
00000101110000100
00000101110000110
00000101110001000
00000101110001010
00000101110001100
00000101110001110
00000101110010000
00000101110010010
00000101110010100
00000101110010110
00000101110011000
00000101110011010
00000101110011100
00000101110011110
00000101110100000
00000101110100010
00000101110100100
00000101110100110
00000101110101000
00000101110101010
00000101110101100
00000101110101110
00000101110110000
00000101110110010
00000101110110100
00000101110110110
00000101110111000
00000101110111010
00000101110111100
00000101110111110
00000101111000000
00000101111000010
00000101111000100
00000101111000110
00000101111001000
00000101111001010
00000101111001100
00000101111001110
00000101111010000
00000101111010010
00000101111010100
00000101111010110
00000101111011000
10101001010010100
10101001010010110
10101001010011000
10101001010011010
10101001010011100
10101001010011110
10101001010100000
10101001010100010
10101001010100100
10101001010100110
10101001010101000
10101001010101010
10101001010101100
10101001010101110
10101001010110000
10101001010110010
10101001010110100
10101001010110110
10101001010111000
10101001010111010
10101001010111100
10101001010111110
10101001011000000
10101001011000010
10101001011000100
10101001011000110
10101001011001000
10101001011001010
10101001011001100
10101001011001110
10101001011010000
10101001011010010
10101001011010100
10101001011010110
10101001011011000
10101001011011010
10101001011011100
10101001011011110
10101001011100000
10101001011100010
10101001011100100
10101001011100110
10101001011101000
10101001011101010
10101001011101100
10101001011101110
10101001011110000
10101001011110010
10101001011110100
10101001011110110
10101001011111000
10101001011111010
10101001011111100
10101001011111110
10101001100000000
10101001100000010
10101001100000100
10101001100000110
10101001100001000
10101001100001010
10000010011001011
10000010011001001
10000010011000111
10000010011000101
10000010011000011
10000010011000001
10000010010111111
10000010010111101
10000010010111011
10000010010111001
10000010010110111
10000010010110101
10000010010110011
10000010010110001
10000010010101111
10000010010101101
10000010010101011
10000010010101001
10000010010100111
10000010010100101
10000010010100011
10000010010100001
10000010010011111
10000010010011101
10000010010011011
10000010010011001
10000010010010111
10000010010010101
10000010010010011
10000010010010001
10000010010001111
10000010010001101
10000010010001011
10000010010001001
10000010010000111
10000010010000101
10000010010000011
10000010010000001
10000010001111111
10000010001111101
10000010001111011
10000010001111001
10000010001110111
10000010001110101
10000010001110011
10000010001110001
10000010001101111
10000010001101101
10000010001101011
10000010001101001
10000010001100111
10000010001100101
10000010001100011
10000010001100001
10000010001011111
10000010001011101
10000010001011011
10000010001011001
10000010001010111
10000010001010101
11000000101111000
11000000101111010
11000000101111100
11000000101111110
11000000110000000
11000000110000010
11000000110000100
11000000110000110
11000000110001000
11000000110001010
11000000110001100
11000000110001110
11000000110010000
11000000110010010
11000000110010100
11000000110010110
11000000110011000
11000000110011010
11000000110011100
11000000110011110
11000000110100000
11000000110100010
11000000110100100
11000000110100110
11000000110101000
11000000110101010
11000000110101100
11000000110101110
11000000110110000
11000000110110010
11000000110110100
11000000110110110
11000000110111000
11000000110111010
11000000110111100
11000000110111110
11000000111000000
11000000111000010
11000000111000100
11000000111000110
11000000111001000
11000000111001010
11000000111001100
11000000111001110
11000000111010000
11000000111010010
11000000111010100
11000000111010110
11000000111011000
11000000111011010
11000000111011100
11000000111011110
11000000111100000
11000000111100010
11000000111100100
11000000111100110
11000000111101000
11000000111101010
11000000111101100
11000000111101110
11000010010100010
11000010010100100
11000010010100110
11000010010101000
11000010010101010
11000010010101100
11000010010101110
11000010010110000
11000010010110010
11000010010110100
11000010010110110
11000010010111000
11000010010111010
11000010010111100
11000010010111110
11000010011000000
11000010011000010
11000010011000100
11000010011000110
11000010011001000
11000010011001010
11000010011001100
11000010011001110
11000010011010000
11000010011010010
11000010011010100
11000010011010110
11000010011011000
11000010011011010
11000010011011100
11000010011011110
11000010011100000
11000010011100010
11000010011100100
11000010011100110
11000010011101000
11000010011101010
11000010011101100
11000010011101110
11000010011110000
11000010011110010
11000010011110100
11000010011110110
11000010011111000
11000010011111010
11000010011111100
11000010011111110
11000010100000000
11000010100000010
11000010100000100
11000010100000110
11000010100001000
11000010100001010
11000010100001100
11000010100001110
11000010100010000
11000010100010010
11000010100010100
11000010100010110
11000010100011000
11101011101010001
11101011101001111
11101011101001101
11101011101001011
11101011101001001
11101011101000111
11101011101000101
11101011101000011
11101011101000001
11101011100111111
11101011100111101
11101011100111011
11101011100111001
11101011100110111
11101011100110101
11101011100110011
11101011100110001
11101011100101111
11101011100101101
11101011100101011
11101011100101001
11101011100100111
11101011100100101
11101011100100011
11101011100100001
11101011100011111
11101011100011101
11101011100011011
11101011100011001
11101011100010111
11101011100010101
11101011100010011
11101011100010001
11101011100001111
11101011100001101
11101011100001011
11101011100001001
11101011100000111
11101011100000101
11101011100000011
11101011100000001
00010100100000000
00010100100000010
00010100100000100
00010100100000110
00010100100001000
00010100100001010
00010100100001100
00010100100001110
00010100100010000
00010100100010010
00010100100010100
00010100100010110
00010100100011000
00010100100011010
00010100100011100
00010100100011110
00010100100100000
00010100100100010
00010100100100100
10000101100110111
10000101100110101
10000101100110011
10000101100110001
10000101100101111
10000101100101101
10000101100101011
10000101100101001
10000101100100111
10000101100100101
10000101100100011
10000101100100001
10000101100011111
10000101100011101
10000101100011011
10000101100011001
10000101100010111
10000101100010101
10000101100010011
10000101100010001
10000101100001111
10000101100001101
10000101100001011
10000101100001001
10000101100000111
10000101100000101
10000101100000011
10000101100000001
01111010100000000
01111010100000010
01111010100000100
01111010100000110
01111010100001000
01111010100001010
01111010100001100
01111010100001110
01111010100010000
01111010100010010
01111010100010100
01111010100010110
01111010100011000
01111010100011010
01111010100011100
01111010100011110
01111010100100000
01111010100100010
01111010100100100
01111010100100110
01111010100101000
01111010100101010
01111010100101100
01111010100101110
01111010100110000
01111010100110010
01111010100110100
01111010100110110
01111010100111000
01111010100111010
01111010100111100
01111010100111110
01101001001110110
01101001001111000
01101001001111010
01101001001111100
01101001001111110
01101001010000000
01101001010000010
01101001010000100
01101001010000110
01101001010001000
01101001010001010
01101001010001100
01101001010001110
01101001010010000
01101001010010010
01101001010010100
01101001010010110
01101001010011000
01101001010011010
01101001010011100
01101001010011110
01101001010100000
01101001010100010
01101001010100100
01101001010100110
01101001010101000
01101001010101010
01101001010101100
01101001010101110
01101001010110000
01101001010110010
01101001010110100
01101001010110110
01101001010111000
01101001010111010
01101001010111100
01101001010111110
01101001011000000
01101001011000010
01101001011000100
01101001011000110
01101001011001000
01101001011001010
01101001011001100
01101001011001110
01101001011010000
01101001011010010
01101001011010100
01101001011010110
01101001011011000
01101001011011010
01101001011011100
01101001011011110
01101001011100000
01101001011100010
01101001011100100
01101001011100110
01101001011101000
01101001011101010
01101001011101100
01011001010001110
01011001010010000
01011001010010010
01011001010010100
01011001010010110
01011001010011000
01011001010011010
01011001010011100
01011001010011110
01011001010100000
01011001010100010
01011001010100100
01011001010100110
01011001010101000
01011001010101010
01011001010101100
01011001010101110
01011001010110000
01011001010110010
01011001010110100
01011001010110110
01011001010111000
01011001010111010
01011001010111100
01011001010111110
01011001011000000
01011001011000010
01011001011000100
01011001011000110
01011001011001000
01011001011001010
01011001011001100
01011001011001110
01011001011010000
01011001011010010
01011001011010100
01011001011010110
01011001011011000
01011001011011010
01011001011011100
01011001011011110
01011001011100000
01011001011100010
01011001011100100
01011001011100110
01011001011101000
01011001011101010
01011001011101100
01011001011101110
01011001011110000
01011001011110010
01011001011110100
01011001011110110
01011001011111000
01011001011111010
01011001011111100
01011001011111110
01011001100000000
01011001100000010
01011001100000100
01011011110101000
01011011110101010
01011011110101100
01011011110101110
01011011110110000
01011011110110010
01011011110110100
01011011110110110
01011011110111000
01011011110111010
01011011110111100
01011011110111110
01011011111000000
01011011111000010
01011011111000100
01011011111000110
01011011111001000
01011011111001010
01011011111001100
01011011111001110
01011011111010000
01011011111010010
01011011111010100
01011011111010110
01011011111011000
01011011111011010
01011011111011100
01011011111011110
01011011111100000
01011011111100010
01011011111100100
01011011111100110
01011011111101000
01011011111101010
01011011111101100
01011011111101110
01011011111110000
01011011111110010
01011011111110100
01011011111110110
01011011111111000
01011011111111010
01011011111111100
01011011111111110
10100011111111111
10100011111111101
10100011111111011
10100011111111001
10100011111110111
10100011111110101
10100011111110011
10100011111110001
10100011111101111
10100011111101101
10100011111101011
10100011111101001
10100011111100111
10100011111100101
10100011111100011
10100011111100001
01100111110100010
01100111110100100
01100111110100110
01100111110101000
01100111110101010
01100111110101100
01100111110101110
01100111110110000
01100111110110010
01100111110110100
01100111110110110
01100111110111000
01100111110111010
01100111110111100
01100111110111110
01100111111000000
01100111111000010
01100111111000100
01100111111000110
01100111111001000
01100111111001010
01100111111001100
01100111111001110
01100111111010000
01100111111010010
01100111111010100
01100111111010110
01100111111011000
01100111111011010
01100111111011100
01100111111011110
01100111111100000
01100111111100010
01100111111100100
01100111111100110
01100111111101000
01100111111101010
01100111111101100
01100111111101110
01100111111110000
01100111111110010
01100111111110100
01100111111110110
01100111111111000
01100111111111010
01100111111111100
01100111111111110
10010111111111111
10010111111111101
10010111111111011
10010111111111001
10010111111110111
10010111111110101
10010111111110011
10010111111110001
10010111111101111
10010111111101101
10010111111101011
10010111111101001
10010111111100111
10010010101000111
10010010101000101
10010010101000011
10010010101000001
10010010100111111
10010010100111101
10010010100111011
10010010100111001
10010010100110111
10010010100110101
10010010100110011
10010010100110001
10010010100101111
10010010100101101
10010010100101011
10010010100101001
10010010100100111
10010010100100101
10010010100100011
10010010100100001
10010010100011111
10010010100011101
10010010100011011
10010010100011001
10010010100010111
10010010100010101
10010010100010011
10010010100010001
10010010100001111
10010010100001101
10010010100001011
10010010100001001
10010010100000111
10010010100000101
10010010100000011
10010010100000001
01101101100000000
01101101100000010
01101101100000100
01101101100000110
