110110100
000110100
011110110
011001100
100001100
001011100
101001010
001110010
001010011
011111010
011001100
010101000
010001101
000000010
001011011
101110010
001011110
100011010
010111000
010101110
100001100
000101110
000000111
000111110
110111000
010101100
010101000
000101110
100001010
101010110
110010010
010001010
011001001
001001000
011001001
001000010
011010110
011100100
111000110
110101100
111101111
111011011
110111010
000011010
101011000
011001000
001101110
100111100
001111001
000111101
110111100
000110110
100000110
000010010
010100011
011110011
010101110
110100010
100100011
000001110
010101111
011100100
010111101
110010100
011001100
001001010
101111110
111101101
011101110
110111111
110011111
010110010
000000011
011000111
010010010
000010100
000101110
001000110
011101110
010110110
110101010
100001111
100001100
000000111
000000011
101000001
101000100
100000001
110001000
111001111
111101110
101101100
000101110
001101010
001000001
100101000
101000010
111000110
110010111
111110000
101010001
110110000
000110100
011100110
001000011
101010100
111100110
110110010
111010001
100011100
001010110
100010011
101000111
110001100
110010101
011110101
000100101
001101010
000000000
001101001
101100000
001100101
001101111
111111010
110100000
100010001
101101000
010001000
001101000
001011100
010110100
000011000
011011100
110011001
011011001
010000010
011001001
101001011
010001010
111001001
111001111
001011110
101000010
111101110
110101011
110010010
100000100
110100111
011000111
011001001
010101101
110100101
100100100
111100110
000100010
000101101
010001100
001101101
110001100
100001000
100110001
100110110
100101101
100110100
000010111
000000100
001100000
111100100
110100110
111010110
011001100
110001010
011000011
111101000
111110100
001110111
101111000
110110001
100110000
100101000
100000001
100100101
110010100
110011011
010001110
011001001
011011111
011111011
010011011
100010011
010010000
001010000
001110110
100110011
100001010
111001000
001101001
010100000
011000010
001101000
000000010
010110010
011111001
010110001
010101100
011001111
010001001
001000100
111001000
101000010
001101000
100101001
000110010
011010110
001111110
000110010
000111010
100011000
111011000
111101101
111111010
111110010
111011110
010001100
001101101
101101011
101111000
111010010
010011010
110000110
111001011
111110010
110100100
110010111
110011000
101111001
101101101
001011110
011001101
110000101
010010100
110000111
010110110
010010011
011110111
111000110
111010010
001010010
101110110
001110010
001000110
101010100
100011100
100010010
101111011
101011011
001011010
000010111
100010011
110100110
001110110
100010111
010010011
000001110
001110110
100110110
010101110
110111000
110101010
110100011
010101100
010011110
010000000
001110000
001000001
110000010
110010111
010010001
000110011
100110110
100101111
101000100
101100111
101011100
001010010
111010000
011110000
011111001
011011111
010010110
110010001
011001000
110000001
100001110
010101100
010100001
010000101
010101110
001001100
001111100
101010100
101110000
001010101
101111000
101011110
001011001
001101010
101100010
000101010
000001101
000010100
001110111
000111110
001101011
101100010
101100101
000000110
001100000
000001100
101001000
111101011
001001000
011110000
001010001
001110010
101110000
000011000
100001001
111101100
110111110
000110110
100110110
100011011
001011010
001111010
000110001
000111100
100111001
100110011
101010010
010110010
110110010
111110011
101110110
100111011
111111000
011011001
010011111
100110110
110010111
101010110
111100100
011111101
111101110
101001010
110011011
110011111
110100111
010011110
010001001
101101000
111011001
110101100
010101100
111101110
100100010
001000010
100010011
110110110
110111001
110010101
110111101
011111111
010001010
000001000
010111000
100011100
001111110
001110110
111111100
010110000
000111100
000100001
010100111
011100111
001111010
000111100
101111100
101111101
101000000
101011000
100011010
100011010
100111100
110001100
100110100
110111110
000110110
101110011
100000000
101000111
001010000
000010100
110000100
111100010
001101011
101101111
111100000
111110111
010010100
010011001
010110000
001101000
001001110
001011000
001001110
100001010
111000110
000000010
000100101
011100111
010000110
000101110
000001110
110111110
011111111
111111001
110011010
101110010
111100000
101000110
100000001
100011001
111110000
110010110
010000010
000100010
101000110
100010011
111110011
101110011
100111100
101111100
101011100
100111110
100110001
000010010
011010110
100011110
001101110
011110110
100010110
010110010
110111111
010011110
010010101
111111100
110010101
100011110
100001011
111001011
100011011
111010011
111000000
001100001
001001010
000000111
001101100
011110101
111000100
110000001
110101010
111000000
100101000
000101011
000010010
001110011
011100000
111110001
101011001
101011101
100011110
100000000
101100100
010100100
110100100
010101110
110101010
010100001
000100010
010011010
110101110
010000100
000011101
101011001
100110000
100010011
111111010
111001011
011100110
111111010
011101100
111100000
111001100
110101101
111101110
000111110
100010010
100001011
101000000
101000100
001100010
010000011
110010011
110111100
100001000
110010000
110011000
111010100
100010000
101111010
000111110
001011010
100010000
110010100
100010000
100010010
110110010
111011010
011111001
001101110
001111110
101111010
011011000
111011000
111101100
101101000
111111101
100111000
001111001
111011000
011010101
010011111
000010101
010001000
000011001
000110011
100100100
100001001
111011010
111101001
111101111
110111111
101001110
101111100
111010000
110100001
000101100
010101100
010000000
110101100
110011001
100110010
110010000
001010010
001110110
000000100
101110100
111100101
101110110
000100010
000100110
000101011
100011110
000000110
010111110
110111011
100110010
100110000
100100001
100000001
111100010
001000000
000111000
001111110
001010110
001010001
101100000
111000011
110001001
101001100
110000100
110011110
010010110
110110100
111001100
111110100
010010101
110111100
100011100
101010100
111011101
111011010
110011011
101101010
011001010
000111010
000101000
000111010
010110000
000100010
010000100
000010000
100110011
100100010
110100100
110000111
001000100
000000010
000010001
100011011
110001001
011101000
011001101
011001000
001101001
001000100
011011100
000000100
010011100
111001110
011000100
101011100
101000100
111000011
111010111
110110100
110101111
001101111
001010111
101011101
101111111
100011101
101111100
001110000
110100000
101100011
101011010
001010100
111010010
011000001
001010110
111011010
100001011
101010010
101101011
100110010
001101010
100101010
100001110
110001011
011101000
011000001
010000110
001100010
010100110
001100010
100100010
000000010
001110110
000111110
100010100
001010010
001110000
001100100
010101110
001101100
000000100
001101110
000101111
011101101
010000101
010111000
011110000
010010100
001000000
010000100
110100101
011001100
011000010
010000100
110000011
110111000
000101010
001110010
001110011
000111010
010010011
101110010
000110001
001100101
101000101
100001111
111011110
101010101
100000000
100011101
100001101
001011101
111011101
110100100
001100000
001110111
010110100
001100110
010101111
011111110
011110111
010100010
000001000
001010010
001010010
000011011
000011100
000110000
010101100
110011100
000111101
000101110
100001100
101011101
101110100
110111100
000111001
010100010
010101110
110001110
000101010
000101110
011000110
010110100
001010101
011001000
110101000
010100011
001110110
100110000
100101100
111101100
111111101
111100100
111101101
101000000
101001011
101100010
110100110
010101101
000000110
010011100
011011000
001011010
011011001
001011000
001001100
000011111
110101110
110010111
010110110
010001100
011011100
011011101
010111000
111011010
001001010
011010000
110000001
100001100
010000000
110010011
111011111
010001110
101000110
100001010
100100111
101010100
000000000
110010100
110001010
110001101
110101110
011011110
001001010
001000011
011110011
010000110
110011010
110101100
111111000
110110110
101101110
010100110
010100111
000010111
001011111
001110010
011110010
011101110
000011110
010111011
111111011
100101110
101111000
101110111
001001110
010111110
001111010
100101110
101001010
001001000
011101000
111101010
001100000
110100010
100000001
100111001
010110000
010100110
110110010
110111111
010111110
010110001
000100100
010001101
010111101
011101001
110001001
011000100
001000010
001110111
101100101
111101111
010101110
000101011
100011000
101111010
111111001
101011001
100110001
011110001
001110101
000100110
011100111
111001111
110010110
111011010
111110011
011000011
011001110
101000110
001010011
000100011
000101000
000000110
000100011
001111010
001010010
001000101
011000101
011011110
010001010
110000100
000101100
000001011
101101011
111001111
110001100
100100100
100101100
100100111
111100011
100101110
100111101
100001111
100100011
000101010
100101010
111101010
011000110
111110110
101100100
111001101
001001110
111011010
110101011
101101010
101001110
101101010
000111110
010011110
100111100
101001000
100101010
100001110
100000000
100000111
100000100
000011100
110011110
111110010
001011010
001010100
010010000
001010011
011000010
001001010
101011000
111101100
110000110
110001101
110011011
110010001
111000100
111100010
010110110
110110111
011100111
001000101
100010100
110110101
110101101
010110110
100110011
110111110
100010111
100000011
001001000
100001011
111101000
110100010
110000000
100011100
111011000
110001101
111001010
101101011
001110000
001001010
001101110
101111010
001010000
011001100
011001110
011101101
010100010
000010000
000100101
101010100
111001000
011011101
011101100
011100111
010100100
010100010
110110100
010111100
100011100
101011011
011011001
001000000
001000111
001010100
100110100
100010011
110000000
010001101
010000101
011000110
010100101
111100010
101110100
101000000
100100011
111110110
111110110
101101111
011101000
111100011
101100000
001010000
000110001
110010001
110101000
011001000
111011100
011001100
101000110
110011110
111110100
111101101
001101110
