00000000000000000
00000000000000010
00000000000000100
00000000000000110
00000000000001000
00000000000001010
00000000000001100
00000000000001110
00000000000010000
00000000000010010
00000000000010100
00000000000010110
00000000000011000
00000000000011010
00000000000011100
00000000000011110
00000000000100000
00000000000100010
00000000000100100
00000000000100110
10000000101001001
10000000101000111
10000000101000101
10000000101000011
10000000101000001
10000000100111111
10000000100111101
10000000100111011
10000000100111001
10000000100110111
10000000100110101
10000000100110011
10000000100110001
10000000100101111
10000000100101101
10000000100101011
10000000100101001
10000000100100111
10000000100100101
10000000100100011
11010110010000110
11010110010001000
11010110010001010
11010110010001100
11010110010001110
11010110010010000
11010110010010010
11010110010010100
11010110010010110
11010110010011000
11010110010011010
11010110010011100
11010110010011110
11010110010100000
11010110010100010
11010110010100100
11010110010100110
11010110010101000
11010110010101010
11010110010101100
11111100100001111
11111100100001101
11111100100001011
11111100100001001
11111100100000111
11111100100000101
11111100100000011
11111100100000001
00000011100000000
00000011100000010
00000011100000100
00000011100000110
00000011100001000
00000011100001010
00000011100001100
00000011100001110
00000011100010000
00000011100010010
00000011100010100
00000011100010110
11001101100110000
11001101100110010
11001101100110100
11001101100110110
11001101100111000
11001101100111010
11001101100111100
11001101100111110
11001101101000000
11001101101000010
11001101101000100
11001101101000110
11001101101001000
11001101101001010
11001101101001100
11001101101001110
11001101101010000
11001101101010010
11001101101010100
11001101101010110
10001001111111000
10001001111111010
10001001111111100
10001001111111110
01110101111111111
01110101111111101
01110101111111011
01110101111111001
01110101111110111
01110101111110101
01110101111110011
01110101111110001
01110101111101111
01110101111101101
01110101111101011
01110101111101001
01110101111100111
01110101111100101
01110101111100011
01110101111100001
01001101100001001
01001101100000111
01001101100000101
01001101100000011
01001101100000001
10110010100000000
10110010100000010
10110010100000100
10110010100000110
10110010100001000
10110010100001010
10110010100001100
10110010100001110
10110010100010000
10110010100010010
10110010100010100
10110010100010110
10110010100011000
10110010100011010
10110010100011100
11101000101111000
11101000101111010
11101000101111100
11101000101111110
11101000110000000
11101000110000010
11101000110000100
11101000110000110
11101000110001000
11101000110001010
11101000110001100
11101000110001110
11101000110010000
11101000110010010
11101000110010100
11101000110010110
11101000110011000
11101000110011010
11101000110011100
11101000110011110
10100000001001101
10100000001001011
10100000001001001
10100000001000111
10100000001000101
10100000001000011
10100000001000001
10100000000111111
10100000000111101
10100000000111011
10100000000111001
10100000000110111
10100000000110101
10100000000110011
10100000000110001
10100000000101111
10100000000101101
10100000000101011
10100000000101001
10100000000100111
10111100000110100
10111100000110110
10111100000111000
10111100000111010
10111100000111100
10111100000111110
10111100001000000
10111100001000010
10111100001000100
10111100001000110
10111100001001000
10111100001001010
10111100001001100
10111100001001110
10111100001010000
10111100001010010
10111100001010100
10111100001010110
10111100001011000
10111100001011010
00011000011001010
00011000011001100
00011000011001110
00011000011010000
00011000011010010
00011000011010100
00011000011010110
00011000011011000
00011000011011010
00011000011011100
00011000011011110
00011000011100000
00011000011100010
00011000011100100
00011000011100110
00011000011101000
00011000011101010
00011000011101100
00011000011101110
00011000011110000
10110000101101010
10110000101101100
10110000101101110
10110000101110000
10110000101110010
10110000101110100
10110000101110110
10110000101111000
10110000101111010
10110000101111100
10110000101111110
10110000110000000
10110000110000010
10110000110000100
10110000110000110
10110000110001000
10110000110001010
10110000110001100
10110000110001110
10110000110010000
11101010011010010
11101010011010100
11101010011010110
11101010011011000
11101010011011010
11101010011011100
11101010011011110
11101010011100000
11101010011100010
11101010011100100
11101010011100110
11101010011101000
11101010011101010
11101010011101100
11101010011101110
11101010011110000
11101010011110010
11101010011110100
11101010011110110
11101010011111000
01011100010111010
01011100010111100
01011100010111110
01011100011000000
01011100011000010
01011100011000100
01011100011000110
01011100011001000
01011100011001010
01011100011001100
01011100011001110
01011100011010000
01011100011010010
01011100011010100
01011100011010110
01011100011011000
01011100011011010
01011100011011100
01011100011011110
01011100011100000
10000100011110101
10000100011110011
10000100011110001
10000100011101111
10000100011101101
10000100011101011
10000100011101001
10000100011100111
10000100011100101
10000100011100011
10000100011100001
10000100011011111
10000100011011101
10000100011011011
10000100011011001
10000100011010111
10000100011010101
10000100011010011
10000100011010001
10000100011001111
10001100010001100
10001100010001110
10001100010010000
10001100010010010
10001100010010100
10001100010010110
10001100010011000
10001100010011010
10001100010011100
10001100010011110
10001100010100000
10001100010100010
10001100010100100
10001100010100110
10001100010101000
10001100010101010
10001100010101100
10001100010101110
10001100010110000
10001100010110010
10001101101110001
10001101101101111
10001101101101101
10001101101101011
10001101101101001
10001101101100111
10001101101100101
10001101101100011
10001101101100001
10001101101011111
10001101101011101
10001101101011011
10001101101011001
10001101101010111
10001101101010101
10001101101010011
10001101101010001
10001101101001111
10001101101001101
10001101101001011
11001011011000110
11001011011001000
11001011011001010
11001011011001100
11001011011001110
11001011011010000
11001011011010010
11001011011010100
11001011011010110
11001011011011000
11001011011011010
11001011011011100
11001011011011110
11001011011100000
11001011011100010
11001011011100100
11001011011100110
11001011011101000
11001011011101010
11001011011101100
10010010111110100
10010010111110110
10010010111111000
10010010111111010
10010010111111100
10010010111111110
01101100111111111
01101100111111101
01101100111111011
01101100111111001
01101100111110111
01101100111110101
01101100111110011
01101100111110001
01101100111101111
01101100111101101
01101100111101011
01101100111101001
01101100111100111
01101100111100101
10001000110100110
10001000110101000
10001000110101010
10001000110101100
10001000110101110
10001000110110000
10001000110110010
10001000110110100
10001000110110110
10001000110111000
10001000110111010
10001000110111100
10001000110111110
10001000111000000
10001000111000010
10001000111000100
10001000111000110
10001000111001000
10001000111001010
10001000111001100
10000101110100010
10000101110100100
10000101110100110
10000101110101000
10000101110101010
10000101110101100
10000101110101110
10000101110110000
10000101110110010
10000101110110100
10000101110110110
10000101110111000
10000101110111010
10000101110111100
10000101110111110
10000101111000000
10000101111000010
10000101111000100
10000101111000110
10000101111001000
00010100011100100
00010100011100110
00010100011101000
00010100011101010
00010100011101100
00010100011101110
00010100011110000
00010100011110010
00010100011110100
00010100011110110
00010100011111000
00010100011111010
00010100011111100
00010100011111110
00010100100000000
00010100100000010
00010100100000100
00010100100000110
00010100100001000
00010100100001010
00100110110000101
00100110110000011
00100110110000001
00100110101111111
00100110101111101
00100110101111011
00100110101111001
00100110101110111
00100110101110101
00100110101110011
00100110101110001
00100110101101111
00100110101101101
00100110101101011
00100110101101001
00100110101100111
00100110101100101
00100110101100011
00100110101100001
00100110101011111
01110110100001100
01110110100001110
01110110100010000
01110110100010010
01110110100010100
01110110100010110
01110110100011000
01110110100011010
01110110100011100
01110110100011110
01110110100100000
01110110100100010
01110110100100100
01110110100100110
01110110100101000
01110110100101010
01110110100101100
01110110100101110
01110110100110000
01110110100110010
00010010000011010
00010010000011100
00010010000011110
00010010000100000
00010010000100010
00010010000100100
00010010000100110
00010010000101000
00010010000101010
00010010000101100
00010010000101110
00010010000110000
00010010000110010
00010010000110100
00010010000110110
00010010000111000
00010010000111010
00010010000111100
00010010000111110
00010010001000000
10110111001001010
10110111001001100
10110111001001110
10110111001010000
10110111001010010
10110111001010100
10110111001010110
10110111001011000
10110111001011010
10110111001011100
10110111001011110
10110111001100000
10110111001100010
10110111001100100
10110111001100110
10110111001101000
10110111001101010
10110111001101100
10110111001101110
10110111001110000
00100110001100000
00100110001100010
00100110001100100
00100110001100110
00100110001101000
00100110001101010
00100110001101100
00100110001101110
00100110001110000
00100110001110010
00100110001110100
00100110001110110
00100110001111000
00100110001111010
00100110001111100
00100110001111110
00100110010000000
00100110010000010
00100110010000100
00100110010000110
11000000100100110
11000000100101000
11000000100101010
11000000100101100
11000000100101110
11000000100110000
11000000100110010
11000000100110100
11000000100110110
11000000100111000
11000000100111010
11000000100111100
11000000100111110
11000000101000000
11000000101000010
11000000101000100
11000000101000110
11000000101001000
11000000101001010
11000000101001100
11000111001000011
11000111001000001
11000111000111111
11000111000111101
11000111000111011
11000111000111001
11000111000110111
11000111000110101
11000111000110011
11000111000110001
11000111000101111
11000111000101101
11000111000101011
11000111000101001
11000111000100111
11000111000100101
11000111000100011
11000111000100001
11000111000011111
11000111000011101
10010101111011110
10010101111100000
10010101111100010
10010101111100100
10010101111100110
10010101111101000
10010101111101010
10010101111101100
10010101111101110
10010101111110000
10010101111110010
10010101111110100
10010101111110110
10010101111111000
10010101111111010
10010101111111100
10010101111111110
01101001111111111
01101001111111101
01101001111111011
00110101011101100
00110101011101110
00110101011110000
00110101011110010
00110101011110100
00110101011110110
00110101011111000
00110101011111010
00110101011111100
00110101011111110
00110101100000000
00110101100000010
00110101100000100
00110101100000110
00110101100001000
00110101100001010
00110101100001100
00110101100001110
00110101100010000
00110101100010010
11110100110101000
11110100110101010
11110100110101100
11110100110101110
11110100110110000
11110100110110010
11110100110110100
11110100110110110
11110100110111000
11110100110111010
11110100110111100
11110100110111110
11110100111000000
11110100111000010
11110100111000100
11110100111000110
11110100111001000
11110100111001010
11110100111001100
11110100111001110
11100111010111010
11100111010111100
11100111010111110
11100111011000000
11100111011000010
11100111011000100
11100111011000110
11100111011001000
11100111011001010
11100111011001100
11100111011001110
11100111011010000
11100111011010010
11100111011010100
11100111011010110
11100111011011000
11100111011011010
11100111011011100
11100111011011110
11100111011100000
01010101010001100
01010101010001110
01010101010010000
01010101010010010
01010101010010100
01010101010010110
01010101010011000
01010101010011010
01010101010011100
01010101010011110
01010101010100000
01010101010100010
01010101010100100
01010101010100110
01010101010101000
01010101010101010
01010101010101100
01010101010101110
01010101010110000
01010101010110010
10010001100100100
10010001100100110
10010001100101000
10010001100101010
10010001100101100
10010001100101110
10010001100110000
10010001100110010
10010001100110100
10010001100110110
10010001100111000
10010001100111010
10010001100111100
10010001100111110
10010001101000000
10010001101000010
10010001101000100
10010001101000110
10010001101001000
10010001101001010
10111101101001101
10111101101001011
10111101101001001
10111101101000111
10111101101000101
10111101101000011
10111101101000001
10111101100111111
10111101100111101
10111101100111011
10111101100111001
10111101100110111
10111101100110101
10111101100110011
10111101100110001
10111101100101111
10111101100101101
10111101100101011
10111101100101001
10111101100100111
01111100101001000
01111100101001010
01111100101001100
01111100101001110
01111100101010000
01111100101010010
01111100101010100
01111100101010110
01111100101011000
01111100101011010
01111100101011100
01111100101011110
01111100101100000
01111100101100010
01111100101100100
01111100101100110
01111100101101000
01111100101101010
01111100101101100
01111100101101110
01100101001011111
01100101001011101
01100101001011011
01100101001011001
01100101001010111
01100101001010101
01100101001010011
01100101001010001
01100101001001111
01100101001001101
01100101001001011
01100101001001001
01100101001000111
01100101001000101
01100101001000011
01100101001000001
01100101000111111
01100101000111101
01100101000111011
01100101000111001
11111000100101001
11111000100100111
11111000100100101
11111000100100011
11111000100100001
11111000100011111
11111000100011101
11111000100011011
11111000100011001
11111000100010111
11111000100010101
11111000100010011
11111000100010001
11111000100001111
11111000100001101
11111000100001011
11111000100001001
11111000100000111
11111000100000101
11111000100000011
01011011110000001
01011011101111111
01011011101111101
01011011101111011
01011011101111001
01011011101110111
01011011101110101
01011011101110011
01011011101110001
01011011101101111
01011011101101101
01011011101101011
01011011101101001
01011011101100111
01011011101100101
01011011101100011
01011011101100001
01011011101011111
01011011101011101
01011011101011011
11010011000000110
11010011000001000
11010011000001010
11010011000001100
11010011000001110
11010011000010000
11010011000010010
11010011000010100
11010011000010110
11010011000011000
11010011000011010
11010011000011100
11010011000011110
11010011000100000
11010011000100010
11010011000100100
11010011000100110
11010011000101000
11010011000101010
11010011000101100
10110011010101000
10110011010101010
10110011010101100
10110011010101110
10110011010110000
10110011010110010
10110011010110100
10110011010110110
10110011010111000
10110011010111010
10110011010111100
10110011010111110
10110011011000000
10110011011000010
10110011011000100
10110011011000110
10110011011001000
10110011011001010
10110011011001100
10110011011001110
11110011111110011
11110011111110001
11110011111101111
11110011111101101
11110011111101011
11110011111101001
11110011111100111
11110011111100101
11110011111100011
11110011111100001
11110011111011111
11110011111011101
11110011111011011
11110011111011001
11110011111010111
11110011111010101
11110011111010011
11110011111010001
11110011111001111
11110011111001101
01100111011101100
01100111011101110
01100111011110000
01100111011110010
01100111011110100
01100111011110110
01100111011111000
01100111011111010
01100111011111100
01100111011111110
01100111100000000
01100111100000010
01100111100000100
01100111100000110
01100111100001000
01100111100001010
01100111100001100
01100111100001110
01100111100010000
01100111100010010
00010111111101010
00010111111101100
00010111111101110
00010111111110000
00010111111110010
00010111111110100
00010111111110110
00010111111111000
00010111111111010
00010111111111100
00010111111111110
11100111111111111
11100111111111101
11100111111111011
11100111111111001
11100111111110111
11100111111110101
11100111111110011
11100111111110001
11100111111101111
01111001001100110
01111001001101000
01111001001101010
01111001001101100
01111001001101110
01111001001110000
01111001001110010
01111001001110100
01111001001110110
01111001001111000
01111001001111010
01111001001111100
01111001001111110
01111001010000000
01111001010000010
01111001010000100
01111001010000110
01111001010001000
01111001010001010
01111001010001100
01001100010011111
01001100010011101
01001100010011011
01001100010011001
01001100010010111
01001100010010101
01001100010010011
01001100010010001
01001100010001111
01001100010001101
01001100010001011
01001100010001001
01001100010000111
01001100010000101
01001100010000011
01001100010000001
01001100001111111
01001100001111101
01001100001111011
01001100001111001
01101001010111111
01101001010111101
01101001010111011
01101001010111001
01101001010110111
01101001010110101
01101001010110011
01101001010110001
01101001010101111
01101001010101101
01101001010101011
01101001010101001
01101001010100111
01101001010100101
01101001010100011
01101001010100001
01101001010011111
01101001010011101
01101001010011011
01101001010011001
00010010100011000
00010010100011010
00010010100011100
00010010100011110
00010010100100000
00010010100100010
00010010100100100
00010010100100110
00010010100101000
00010010100101010
00010010100101100
00010010100101110
00010010100110000
00010010100110010
00010010100110100
00010010100110110
00010010100111000
00010010100111010
00010010100111100
00010010100111110
00110000100100110
00110000100101000
00110000100101010
00110000100101100
00110000100101110
00110000100110000
00110000100110010
00110000100110100
00110000100110110
00110000100111000
00110000100111010
00110000100111100
00110000100111110
00110000101000000
00110000101000010
00110000101000100
00110000101000110
00110000101001000
00110000101001010
00110000101001100
