00000000000000000
00000000000000010
00000000000000100
00000000000000110
00000000000001000
10000000101001001
10000000101000111
10000000101000101
10000000101000011
10000000101000001
00101001101111001
00101001101110111
00101001101110101
00101001101110011
00101001101110001
00000011011110000
00000011011110010
00000011011110100
00000011011110110
00000011011111000
00110010011001111
00110010011001101
00110010011001011
00110010011001001
00110010011000111
01110110000000111
01110110000000101
01110110000000011
01110110000000001
10001010000000000
01001101100001001
01001101100000111
01001101100000101
01001101100000011
01001101100000001
11101000101111000
11101000101111010
11101000101111100
11101000101111110
11101000110000000
10100000001001101
10100000001001011
10100000001001001
10100000001000111
10100000001000101
10111100000110100
10111100000110110
10111100000111000
10111100000111010
10111100000111100
11100111100110101
11100111100110011
11100111100110001
11100111100101111
11100111100101101
10110000101101010
10110000101101100
10110000101101110
10110000101110000
10110000101110010
11101010011010010
11101010011010100
11101010011010110
11101010011011000
11101010011011010
01011100010111010
01011100010111100
01011100010111110
01011100011000000
01011100011000010
01111011100001010
01111011100001100
01111011100001110
01111011100010000
01111011100010010
01110011101110011
01110011101110001
01110011101101111
01110011101101101
01110011101101011
01110010010001110
01110010010010000
01110010010010010
01110010010010100
01110010010010110
11001011011000110
11001011011001000
11001011011001010
11001011011001100
11001011011001110
01101101000001011
01101101000001001
01101101000000111
01101101000000101
01101101000000011
01110111001011001
01110111001010111
01110111001010101
01110111001010011
01110111001010001
01111010001011101
01111010001011011
01111010001011001
01111010001010111
01111010001010101
00010100011100100
00010100011100110
00010100011101000
00010100011101010
00010100011101100
00100110110000101
00100110110000011
00100110110000001
00100110101111111
00100110101111101
01110110100001100
01110110100001110
01110110100010000
01110110100010010
01110110100010100
00010010000011010
00010010000011100
00010010000011110
00010010000100000
00010010000100010
10110111001001010
10110111001001100
10110111001001110
10110111001010000
10110111001010010
00100110001100000
00100110001100010
00100110001100100
00100110001100110
00100110001101000
00111111011011001
00111111011010111
00111111011010101
00111111011010011
00111111011010001
00111000110111100
00111000110111110
00111000111000000
00111000111000010
00111000111000100
10010101111011110
10010101111100000
10010101111100010
10010101111100100
10010101111100110
00110101011101100
00110101011101110
00110101011110000
00110101011110010
00110101011110100
11110100110101000
11110100110101010
11110100110101100
11110100110101110
11110100110110000
11100111010111010
11100111010111100
11100111010111110
11100111011000000
11100111011000010
01010101010001100
01010101010001110
01010101010010000
01010101010010010
01010101010010100
10010001100100100
10010001100100110
10010001100101000
10010001100101010
10010001100101100
10111101101001101
10111101101001011
10111101101001001
10111101101000111
10111101101000101
01111100101001000
01111100101001010
01111100101001100
01111100101001110
01111100101010000
01100101001011111
01100101001011101
01100101001011011
01100101001011001
01100101001010111
00000111011010110
00000111011011000
00000111011011010
00000111011011100
00000111011011110
10100100001111110
10100100010000000
10100100010000010
10100100010000100
10100100010000110
11010011000000110
11010011000001000
11010011000001010
11010011000001100
11010011000001110
10110011010101000
10110011010101010
10110011010101100
10110011010101110
10110011010110000
11110011111110011
11110011111110001
11110011111101111
11110011111101101
11110011111101011
01100111011101100
01100111011101110
01100111011110000
01100111011110010
01100111011110100
00010111111101010
00010111111101100
00010111111101110
00010111111110000
00010111111110010
10000110110011001
10000110110010111
10000110110010101
10000110110010011
10000110110010001
10110011101100000
10110011101100010
10110011101100100
10110011101100110
10110011101101000
10010110101000000
10010110101000010
10010110101000100
10010110101000110
10010110101001000
00010010100011000
00010010100011010
00010010100011100
00010010100011110
00010010100100000
00110000100100110
00110000100101000
00110000100101010
00110000100101100
00110000100101110
10100100001111010
10100100001111100
10100100001111110
10100100010000000
10100100010000010
10110001011011111
10110001011011101
10110001011011011
10110001011011001
10110001011010111
00000000000110110
00000000000111000
00000000000111010
00000000000111100
00000000000111110
00000010011110101
00000010011110011
00000010011110001
00000010011101111
00000010011101101
11110110000100100
11110110000100110
11110110000101000
11110110000101010
11110110000101100
11101010110000110
11101010110001000
11101010110001010
11101010110001100
11101010110001110
01111010111111101
01111010111111011
01111010111111001
01111010111110111
01111010111110101
00101101001010100
00101101001010110
00101101001011000
00101101001011010
00101101001011100
10110011000111100
10110011000111110
10110011001000000
10110011001000010
10110011001000100
11011010101101101
11011010101101011
11011010101101001
11011010101100111
11011010101100101
11111100111110111
11111100111110101
11111100111110011
11111100111110001
11111100111101111
01101001111011011
01101001111011001
01101001111010111
01101001111010101
01101001111010011
01000101010010001
01000101010001111
01000101010001101
01000101010001011
01000101010001001
10001011000101100
10001011000101110
10001011000110000
10001011000110010
10001011000110100
01111111010010110
01111111010011000
01111111010011010
01111111010011100
01111111010011110
00111000001011100
00111000001011110
00111000001100000
00111000001100010
00111000001100100
00000000110110101
00000000110110011
00000000110110001
00000000110101111
00000000110101101
10101101000100100
10101101000100110
10101101000101000
10101101000101010
10101101000101100
10111100001110101
10111100001110011
10111100001110001
10111100001101111
10111100001101101
00100100011001001
00100100011000111
00100100011000101
00100100011000011
00100100011000001
01010110110010010
01010110110010100
01010110110010110
01010110110011000
01010110110011010
00100110101010011
00100110101010001
00100110101001111
00100110101001101
00100110101001011
00010101100100011
00010101100100001
00010101100011111
00010101100011101
00010101100011011
01010110101010101
01010110101010011
01010110101010001
01010110101001111
01010110101001101
11000000101000101
11000000101000011
11000000101000001
11000000100111111
11000000100111101
10011000101100000
10011000101100010
10011000101100100
10011000101100110
10011000101101000
11111100111110001
11111100111101111
11111100111101101
11111100111101011
11111100111101001
01100001101101010
01100001101101100
01100001101101110
01100001101110000
01100001101110010
01100110101111000
01100110101111010
01100110101111100
01100110101111110
01100110110000000
01100001000101100
01100001000101110
01100001000110000
01100001000110010
01100001000110100
01110011001100011
01110011001100001
01110011001011111
01110011001011101
01110011001011011
01011001011111000
01011001011111010
01011001011111100
01011001011111110
01011001100000000
01110110000000100
01110110000000110
01110110000001000
01110110000001010
01110110000001100
00101100010110100
00101100010110110
00101100010111000
00101100010111010
00101100010111100
01100000100111000
01100000100111010
01100000100111100
01100000100111110
01100000101000000
01011000101001100
01011000101001110
01011000101010000
01011000101010010
01011000101010100
00110000001011110
00110000001100000
00110000001100010
00110000001100100
00110000001100110
11110101011001111
11110101011001101
11110101011001011
11110101011001001
11110101011000111
10011000111001100
10011000111001110
10011000111010000
10011000111010010
10011000111010100
00011001001000101
00011001001000011
00011001001000001
00011001000111111
00011001000111101
00010010000001100
00010010000001110
00010010000010000
00010010000010010
00010010000010100
01001101101010100
01001101101010110
01001101101011000
01001101101011010
01001101101011100
01101010010011000
01101010010011010
01101010010011100
01101010010011110
01101010010100000
01010011110000110
01010011110001000
01010011110001010
01010011110001100
01010011110001110
11010011011000010
11010011011000100
11010011011000110
11010011011001000
11010011011001010
10110110011010011
10110110011010001
10110110011001111
10110110011001101
10110110011001011
11000101101001011
11000101101001001
11000101101000111
11000101101000101
11000101101000011
00010100100011010
00010100100011100
00010100100011110
00010100100100000
00010100100100010
01010010100100010
01010010100100100
01010010100100110
01010010100101000
01010010100101010
00110110100101011
00110110100101001
00110110100100111
00110110100100101
00110110100100011
00011101110110110
00011101110111000
00011101110111010
00011101110111100
00011101110111110
11011101110010101
11011101110010011
11011101110010001
11011101110001111
11011101110001101
01101001011011110
01101001011100000
01101001011100010
01101001011100100
01101001011100110
10011111011110100
10011111011110110
10011111011111000
10011111011111010
10011111011111100
01001001001010100
01001001001010110
01001001001011000
01001001001011010
01001001001011100
10001001010101010
10001001010101100
10001001010101110
10001001010110000
10001001010110010
10101011101010011
10101011101010001
10101011101001111
10101011101001101
10101011101001011
10001001011010100
10001001011010110
10001001011011000
10001001011011010
10001001011011100
10101110011101111
10101110011101101
10101110011101011
10101110011101001
10101110011100111
01100100101100100
01100100101100110
01100100101101000
01100100101101010
01100100101101100
10000000000011100
10000000000011110
10000000000100000
10000000000100010
10000000000100100
11001111010110110
11001111010111000
11001111010111010
11001111010111100
11001111010111110
11011101101010111
11011101101010101
11011101101010011
11011101101010001
11011101101001111
10011110000001011
10011110000001001
10011110000000111
10011110000000101
10011110000000011
01111110010010000
01111110010010010
01111110010010100
01111110010010110
01111110010011000
00100110101001001
00100110101000111
00100110101000101
00100110101000011
00100110101000001
01000110001101001
01000110001100111
01000110001100101
01000110001100011
01000110001100001
10001100011000010
10001100011000100
10001100011000110
10001100011001000
10001100011001010
01011101110101110
01011101110110000
01011101110110010
01011101110110100
01011101110110110
00000100111110110
00000100111111000
00000100111111010
00000100111111100
00000100111111110
10000010101100011
10000010101100001
10000010101011111
10000010101011101
10000010101011011
01000001011011110
01000001011100000
01000001011100010
01000001011100100
01000001011100110
00001111001000111
00001111001000101
00001111001000011
00001111001000001
00001111000111111
01001111011110010
01001111011110100
01001111011110110
01001111011111000
01001111011111010
01000010101111111
01000010101111101
01000010101111011
01000010101111001
01000010101110111
00001100001000111
00001100001000101
00001100001000011
00001100001000001
00001100000111111
00111100010011001
00111100010010111
00111100010010101
00111100010010011
00111100010010001
01101100010010000
01101100010010010
01101100010010100
01101100010010110
01101100010011000
01100111010101001
01100111010100111
01100111010100101
01100111010100011
01100111010100001
01010001011110101
01010001011110011
01010001011110001
01010001011101111
01010001011101101
11010110010101110
11010110010110000
11010110010110010
11010110010110100
11010110010110110
01011011010010101
01011011010010011
01011011010010001
01011011010001111
01011011010001101
00011001111100100
00011001111100110
00011001111101000
00011001111101010
00011001111101100
00001010100001111
00001010100001101
00001010100001011
00001010100001001
00001010100000111
11101000010010100
11101000010010110
11101000010011000
11101000010011010
11101000010011100
00101000011010110
00101000011011000
00101000011011010
00101000011011100
00101000011011110
10011000101010000
10011000101010010
10011000101010100
10011000101010110
10011000101011000
01101111001011000
01101111001011010
01101111001011100
01101111001011110
01101111001100000
01100010111101110
01100010111110000
01100010111110010
01100010111110100
01100010111110110
00010000101010101
00010000101010011
00010000101010001
00010000101001111
00010000101001101
11110011001001110
11110011001010000
11110011001010010
11110011001010100
11110011001010110
11001010010011010
11001010010011100
11001010010011110
11001010010100000
11001010010100010
01010001110111010
01010001110111100
01010001110111110
01010001111000000
01010001111000010
11010000100011011
11010000100011001
11010000100010111
11010000100010101
11010000100010011
11110110000000010
11110110000000100
11110110000000110
11110110000001000
11110110000001010
00010010000110000
00010010000110010
00010010000110100
00010010000110110
00010010000111000
10000010010001110
10000010010010000
10000010010010010
10000010010010100
10000010010010110
11000010101111110
11000010110000000
11000010110000010
11000010110000100
11000010110000110
11011001010100100
11011001010100110
11011001010101000
11011001010101010
11011001010101100
01011100010000000
01011100010000010
01011100010000100
01011100010000110
01011100010001000
10000111000101000
10000111000101010
10000111000101100
10000111000101110
10000111000110000
00100100001100101
00100100001100011
00100100001100001
00100100001011111
00100100001011101
10110101011101110
10110101011110000
10110101011110010
10110101011110100
10110101011110110
00110111001101101
00110111001101011
00110111001101001
00110111001100111
00110111001100101
00110011110110001
00110011110101111
00110011110101101
00110011110101011
00110011110101001
00101000110001101
00101000110001011
00101000110001001
00101000110000111
00101000110000101
01100010101100111
01100010101100101
01100010101100011
01100010101100001
01100010101011111
00010010001101000
00010010001101010
00010010001101100
00010010001101110
00010010001110000
11011011010110101
11011011010110011
11011011010110001
11011011010101111
11011011010101101
01110000010101100
01110000010101110
01110000010110000
01110000010110010
01110000010110100
01010110001011100
01010110001011110
01010110001100000
01010110001100010
01010110001100100
01110110001000101
01110110001000011
01110110001000001
01110110000111111
01110110000111101
11000101100111101
11000101100111011
11000101100111001
11000101100110111
11000101100110101
11000111101000010
11000111101000100
11000111101000110
11000111101001000
11000111101001010
01101001001100010
01101001001100100
01101001001100110
01101001001101000
01101001001101010
01000010101100100
01000010101100110
01000010101101000
01000010101101010
01000010101101100
11001001001110000
11001001001110010
11001001001110100
11001001001110110
11001001001111000
00110011111111000
00110011111111010
00110011111111100
00110011111111110
11001011111111111
10000001100010111
10000001100010101
10000001100010011
10000001100010001
10000001100001111
00011000101110110
00011000101111000
00011000101111010
00011000101111100
00011000101111110
01011000101110111
01011000101110101
01011000101110011
01011000101110001
01011000101101111
01011010001111111
01011010001111101
01011010001111011
01011010001111001
01011010001110111
00010000101101010
00010000101101100
00010000101101110
00010000101110000
00010000101110010
10010001110011111
10010001110011101
10010001110011011
10010001110011001
10010001110010111
01010001101110011
01010001101110001
01010001101101111
01010001101101101
01010001101101011
01010011101100011
01010011101100001
01010011101011111
01010011101011101
01010011101011011
00000001110000110
00000001110001000
00000001110001010
00000001110001100
00000001110001110
01000101011101110
01000101011110000
01000101011110010
01000101011110100
01000101011110110
00101101111110010
00101101111110100
00101101111110110
00101101111111000
00101101111111010
00101100001110111
00101100001110101
00101100001110011
00101100001110001
00101100001101111
00110001011000110
00110001011001000
00110001011001010
00110001011001100
00110001011001110
11111001100001010
11111001100001100
11111001100001110
11111001100010000
11111001100010010
01011010000100110
01011010000101000
01011010000101010
01011010000101100
01011010000101110
10110111000100110
10110111000101000
10110111000101010
10110111000101100
10110111000101110
01111110101100110
01111110101101000
01111110101101010
01111110101101100
01111110101101110
00111110000010010
00111110000010100
00111110000010110
00111110000011000
00111110000011010
01101101001011100
01101101001011110
01101101001100000
01101101001100010
01101101001100100
00100000011100000
00100000011100010
00100000011100100
00100000011100110
00100000011101000
10101000110110010
10101000110110100
10101000110110110
10101000110111000
10101000110111010
10001101101111111
10001101101111101
10001101101111011
10001101101111001
10001101101110111
10000010111100110
10000010111101000
10000010111101010
10000010111101100
10000010111101110
01001010111111010
01001010111111100
01001010111111110
10110100111111111
10110100111111101
10110001001001101
10110001001001011
10110001001001001
10110001001000111
10110001001000101
10100100100101100
10100100100101110
10100100100110000
10100100100110010
10100100100110100
00110110001100000
00110110001100010
00110110001100100
00110110001100110
00110110001101000
00101001010111000
00101001010111010
00101001010111100
00101001010111110
00101001011000000
01111110011001100
01111110011001110
01111110011010000
01111110011010010
01111110011010100
01111110101101011
01111110101101001
01111110101100111
01111110101100101
01111110101100011
01001110000000100
01001110000000110
01001110000001000
01001110000001010
01001110000001100
00010110010010110
00010110010011000
00010110010011010
00010110010011100
00010110010011110
