01111111010110110
11010110010000110
11111100100001111
11001101100110000
10001001111111000
01001101100001001
11101000101111000
10100000001001101
10111100000110100
11100111100110101
01001111010010101
11101010011010010
01011100010111010
01111011100001010
01110011101110011
01110010010001110
11001011011000110
10010010111110100
10001000110100110
10000101110100010
00010100011100100
00100110110000101
01110110100001100
00010010000011010
10110111001001010
00100110001100000
00111111011011001
00111000110111100
10010101111011110
00110101011101100
11110100110101000
11100111010111010
01010101010001100
10010001100100100
10111101101001101
01111100101001000
01100101001011111
00000111011010110
10100100001111110
00101100111111001
01001100101010111
00001100000001100
01100111011101100
00010111111101010
10000110110011001
01001100010011111
01101001010111111
11101101011100111
11001111011011001
10100100001111010
10110001011011111
00000000000110110
00000010011110101
11110110000100100
11101010110000110
01111010111111101
11010010110101011
10110011000111100
11011010101101101
11111100111110111
01101001111011011
01000101010010001
01110100111010011
01111111010010110
00111000001011100
11111111001001010
10101101000100100
10111100001110101
11011011100110110
01010110110010010
00100110101010011
00010101100100011
10101001010101010
00111111010111010
01100111010011111
00000011000001110
01100001101101010
01100110101111000
01100001000101100
01110011001100011
01011001011111000
10001001111111011
11010011101001011
10011111011000111
10100111010110011
11001111110100001
00001010100110000
01100111000110011
11100110110111010
11101101111110011
01001101101010100
10010101101100111
01010011110000110
11010011011000010
10110110011010011
00111010010110100
11101011011100101
10101101011011101
11001001011010100
00011101110110110
11011101110010101
01101001011011110
01100000100001011
10110110110101011
10001001010101010
01010100010101100
01110110100101011
01010001100010000
01100100101100100
01111111111100011
11001111010110110
11011101101010111
01100001111110100
10000001101101111
11011001010110110
10111001110010110
10001100011000010
10100010001010001
11111011000001001
01111101010011100
01000001011011110
00001111001000111
01001111011110010
01000010101111111
11110011110111000
11000011101100110
10010011101101111
10011000101010110
10101110100001010
11010110010101110
10100100101101010
11100110000011011
11110101011110000
11101000010010100
00101000011010110
10011000101010000
10010000110100111
01100010111101110
11101111010101010
11110011001001110
11001010010011010
01010001110111010
11010000100011011
11110110000000010
00010010000110000
10000010010001110
11000010101111110
00100110101011011
10100011101111111
10000111000101000
00100100001100101
10110101011101110
00110111001101101
00110011110110001
11010111001110010
10011101010011000
11101101110010111
11011011010110101
01110000010101100
01010110001011100
01110110001000101
00111010011000010
00111000010111101
10010110110011101
10111101010011011
00110110110001111
00110011111111000
01111110011101000
11100111010001001
10100111010001000
10100101110000000
11101111010010101
01101110001100000
10101110010001100
10101100010011100
11111110001111001
10111010100010001
11010010000001101
11010011110001000
11001110100111001
11111001100001010
01011010000100110
10110111000100110
01111110101100110
00111110000010010
01101101001011100
11011111100011111
01010111001001101
01110010010000000
01111101000011001
10110101000000101
10110001001001101
10100100100101100
00110110001100000
11010110101000111
01111110011001100
01111110101101011
01001110000000100
00010110010010110
11000110000001011
10011110011000001
00110111001000100
01010110001001101
10011000000011110
01000001000101010
00010000010101111
10110001100100101
00010011110010101
01010010100100100
00001001100110000
00011000101100111
00010010100000101
00010000110101101
10110000101110100
11000100011110100
11101100001011000
01110100011011101
00010100011110000
01110111011101010
00100110110100001
11101101000100000
11110110000000110
01111100100100111
01001111111101100
11010001111101110
00010000101001011
10110001100100011
10111100001011010
10011100000101101
01111100101111111
01111110011001111
11000100001101010
01000000100100100
01100001110100100
01001011100000010
00101110000101010
00001110101010001
11001100011000100
11101110101010100
00101011000100100
00110010100000111
00111001100010101
01101111111010110
11100101110100000
10010011111100000
01001011110100001
01010001110001001
11011010010011100
11110011010100001
11010110011000100
01111011011000011
01010011010101110
00001111011111110
01111010000011110
01010110011001111
11110110010110110
00010000000111010
00010000111110101
10001010111010110
10001011101000001
10111111000001011
01111101000011101
10111111111101100
10011001010111111
10110000100010100
11111010101000000
11110001011001010
10010101100011011
10010100010000010
10011110001100111
10110101101000000
10011101000100111
00101100000101000
01101001110011100
01111010011001010
11011101011000001
00001101001001110
10001010001011010
11000000001001100
01000001001000111
11100011101100111
11011010110001110
11110010110000001
11000100111010010
11011000010100000
11001100010010101
11000000110001101
11010101101011010
10011001111101100
10100100101001100
00111010100011101
10111011101010000
00111100100001001
01110110000000101
11100110011011110
10111111111011110
10011001001001000
01000011000101000
00000100001000100
00010110101010111
10110001101000111
00101001100011110
01111010010110110
10011010001000100
11011000110101100
10000101010011100
10010100001101101
00000001101100000
00110000101110101
01111000100000010
01101001100011001
11101011010011111
11000101000110111
11110111110100100
00111011000100111
01100011010011111
01010001101010111
01000100111010110
01000010101101111
00000100010101111
01100110100011111
11000111010111000
10100011110101000
01111011010111000
01110000010101101
00111000000011111
00010000111110110
00010100011100001
10110100010101001
01111010011001010
10101110011011000
11111110011001011
11001111101111011
11100011010010010
11110100110011011
00011011110011000
01111011011001101
00010101010011100
01011000000011100
11101001011011001
01100101010000011
01100011011101100
01110111100011100
10110111100011001
10011100110001010
11111111111111000
01001111010001000
10011110000100100
00010001010100111
10110011100000000
10100001101100101
10111000001110100
01001000001101101
11010001001101101
11100101011101001
00110100111111010
00000110110010011
10001010101000010
00001001101001111
01101001010100100
10101101000001110
11101001001010010
11000000011010001
11110010011000110
11100111001000001
01100001001100000
11000101010110110
00011111010101110
01010101110011101
01010110100001101
10001010101010100
00011111101111111
11010010101011010
10100010101000100
10011000011000111
10101011111101111
01110001111111111
11100100010110100
00100111000101000
00101101110100010
10010101110000100
10011111011111100
10111011010101001
00010111001111001
00010110011101100
01010111011010111
01010010110010110
10111011000000110
10000011001110111
00100100001110111
10100000101100101
01101010001000110
10101110110000111
10010010110011101
11100011111000100
10100001110000111
11100000111111100
11111010111010011
11110110110000101
10011010111001010
11101010011100010
10000100010100111
10001011011111100
01001111111011011
01001010110000111
11011001010110111
10000000110001110
01001001101001110
11011011001000001
11000011100001100
11001010111010000
00010000010010000
01111001010100101
11111111001001110
01001111100001001
10100001100001010
11100000101001000
10000011011000000
01000000110000000
11100001001100001
11000000101100101
00001000101101001
00100000111101100
11100010000101101
01001010110101011
00100100010111000
10100110010111000
10010101001110000
01010001011010000
00110011101111010
00100101001101111
01001010001101010
01111111000011011
00111010110011001
00101110000001101
11111101010000110
11111111000100010
01111110110111011
10011110110101110
00011101110111001
01010101011001001
00011100010001011
00001111101011110
01000100011010100
00101000011101110
10111111101001110
10101111010110010
00111110001011010
01011100000101001
00110010100101101
01110000000010110
11100010100100011
11001110110101111
11011000010001110
11110010010111000
01010001011001000
00011010111001000
01111010101110100
11101111100111110
01111101111111000
11011011001111100
00011011010101110
10000011011001101
10110100011010101
10110101011110101
01101100011011101
10110110010011001
10110111011111100
10010111111000101
11100101111111000
11000001011111010
01010100110101011
10001100010101000
00010110011111100
00111100110110001
11111111000010010
01111111010001110
01000101010010101
00000101000000100
00110101011101111
11111010010101100
01110001000111100
01101000000101111
10110000000000100
10001111110000100
11001110010111101
11010000100001100
10100010100001111
00100000100011110
11100000000011101
00100110001001110
11100100111100100
11011001111000111
00010001111000000
11110001101110101
01100000001110000
11100110101000101
11000111001101100
01100010101101110
00000100011011110
10100101010110000
11111011011110100
10110111010101111
11000100010101001
00000110110100001
00101010110111011
10000000100111100
00110000010110010
00110101010100001
00011100010000111
01110101111001111
01010100110111000
01100000010111100
11100101010100000
10101010001101000
01111110000001100
00010011001001001
01100110011001100
00010110111111101
10001011111111000
00000100101110010
10100000011111100
10010000010000101
10010001111101100
01110011010101110
00010010011101100
00100110011000110
00101011111110101
00011000111110011
00001000011101001
10100000100101100
00001100001100110
01111111001111100
11110100011101110
11110100000111101
11111011111110100
11010000011110101
01100010100111100
00010001100010110
10110000100010111
01101011100000010
01100110000001001
01011010010101100
01101111100001100
00011011101000001
11011011000110000
01010110100100000
01001100001000011
00011100011010001
00001001111001000
01101101100111010
00001111111110000
10001110010100011
00000110010100101
10100101000110010
11000001001001110
11100010111011011
01101100011111011
01101000111011010
11010010011011010
10101110001010000
00001100001001110
01011100001111010
11011011111011000
10011100100011000
11011110010111000
10100011010111100
11100000011001001
10001000100001000
00111000000011001
10100000010011101
01101110011111101
00100010111100101
00110110001110101
11100000001000100
10101110101100000
11101100001101010
11100101101100110
00010111100000010
10101101110000010
10010011111010110
00101011111000101
11110111111001111
11111111000111000
01100110110110000
01011010011110101
01110110011000010
10000111001010010
11000001010111000
11010000011010100
10010111000011110
00000100101111100
10010100100110111
00100000001010110
11110001111010000
11110101001000111
11111101000001111
11110110101111100
01111110101000101
01011011000101101
01111110110101101
01001100110001000
10000110011001110
10001000010001011
11110011110000010
01010010000100110
01110111101001010
00010101111111100
01100101101101110
00001000100111111
10000011100011010
00110111100001101
00110100110100110
10100100110000010
10101010111001100
00011000101110100
01111000110000110
11111001111000111
00110101110010110
00110011110001000
01100001001011001
11101001010100010
01110010000110011
00100100011101010
10000111110111000
11010100010111111
11000110000101111
01001101001000010
01010000101100010
01000011000010110
00011000110011110
01011111000000110
00011111001100101
11110001101100000
11001101000101001
10000111011001001
11000001011000111
01100011011101001
10010010001101100
11001000000011000
01010100111111000
11100001110111011
11100101100010110
01100100010110100
11110100110100101
01000000100100000
01000101000010010
00000000101011010
00010100110000011
11110110111100100
11100101101110010
11100011111100001
11000011001010100
01000011001101110
01110100001101010
11110010010101110
11111011011010101
10010010001110001
00111110001011001
11001010101111000
01001010111011110
01011000001100111
00001100100100110
10011011101001110
01001010100001001
01101011111001110
00111100111101000
10110100101110011
10000101011110011
01011001011010111
01101001101101010
00000101100001010
11100001010001110
00110001100101101
00011011000101110
10100001101101010
11100011111001011
01111001100001001
00011101000110100
00101101101110110
11101110100110100
01100101110111001
11001100110101101
10001110111110001
00111110000011000
01011011100001001
11000001100000000
10000101010011011
10010010000001111
01010010000011110
00010001101011001
11010011011010100
10011110001111100
10101110011001100
11011000011000000
11010100111100010
01011110101111100
11010110011100101
10000101001101000
11010011000101000
00010111101101100
00101011011101111
00001011011111001
10000110011010010
00000100010100010
11100100100110110
11000100101011000
01001000001111101
00011000101110010
01011000100101101
10010000010000100
10011100100100110
10101100000110000
01011100010010011
01001010111010000
11011010110011010
01111011000001011
01100001001000110
11100110011010100
00000010000000100
00010100110000101
00110011101000111
11111110111100110
11010111001101100
10010011010101001
00000111010011110
00100010000011111
10000010100110111
10010111010100011
10100100111000010
11100100011011000
10111100100010001
01010110100010000
10010010010100010
10110011100111010
10111110111010011
00101010100111010
00110001101110011
00011011111110110
00011010010010010
01001001010111001
11000111000011100
00110111001011010
10000111010011010
00000011010011101
00011011001000000
00000111011000001
01011111001101110
10111100001110100
00111111101111111
11110100111111010
10100101010100011
10001000000110000
00001000010100100
01010001011000000
01011000110100111
11110101101100110
00010111111010110
11011111011011100
01111011111100000
11111001001100110
11100010101100000
00101010101010011
00101110101010111
00101001110001110
00101011111111001
01011110110101010
10011110101111000
00000101101101001
11101100101001001
11100000101100000
11100111101110111
01010101101111001
01010000110101000
11010011110000111
11010100111010111
11010010101100110
11000110111110001
10100010100100110
10001011100001000
11000101100000010
11001100110101100
00101101010110000
00010001010110110
00001000010011011
10010001011011100
10010010001110000
11010001111100110
11110010010001100
01010010110101011
11010011100110110
01000101100101011
11001001000101010
01001001001111010
11011001011010010
10110100011111011
01100101011100010
10000111011101010
10110001011100101
11100000011001111
11010011011111110
01111001001100110
01001111101110111
11111100110100110
11100000010110000
11110100100100011
01110001000001100
11101111000111110
10101011111101100
00101011110100101
01101111111110001
11101101110011100
01001111011011001
01000101111000010
11010011100010110
11100010110111111
10111001110111010
11100000011110011
11000010000110011
01100110000011100
10101111010110101
00010110000110100
00100011101011100
10000010111111000
00010110010011010
00100011001101010
00000010010100010
10011110001110110
10011101010000101
00011000010001110
00010010010001101
11010000010000010
11011100011010011
11101101101100110
10111100101101111
11010101011001010
10110000101100010
01100011101111010
10111011000010010
00011010001100110
10101110010110010
10000111110011110
01011110100011000
01010110001101100
00100111100101100
00001011111101110
00011010001110010
00110001001101100
10011001110111101
00110000100101010
01010011100110011
11100010100100001
11110000001001110
01011010011100010
01010010100110110
11100010001000110
10101011111100100
00101101011010111
01010001000010111
00100000000010011
11010000000111100
01100000100010111
01011101100111111
10010000010111100
11000000000000101
00100101000001000
11001111000011100
10100111101110101
00110001001111100
10001011001011111
00101111100100110
00010011110101101
01000100101101100
00100000001010100
11000000001001111
01010010111001101
01110010001000000
01001001001000001
01001000010010111
01001010110000110
01110100001000110
01010100000011010
01000100001101000
11011100100100010
10000000100101000
10100100111100000
00110001110110001
10110010101100000
10000000100000111
01010001011000010
11010101010000110
10010100010001001
10010101011111001
10011100001110011
10000111001011100
10000101001000100
00011111100101100
01000110110110000
11001110111000011
01001110010100000
10011010000010100
11001000110011000
01110000000010001
00110101010010101
01101111000011010
11011101101001000
00001101000000010
11000010000011010
11100110000111111
00100111101010111
01000110100011111
01010000011001111
11010110000000000
11011100100001000
00110000111101000
01111110110101001
00010111111100011
10111110011111011
01101100110011000
01111110010011111
11110100110100111
01110001101010111
01101011100001100
01011000000000110
11011111010001000
01001111001001001
11000011000110100
11011110100101101
00011011000010100
00110111100111111
01001101000011100
11111001011011000
01111000011001110
00011110011011011
00000100011111011
10010010010010011
10010101111011111
00010000111110101
01110100101110011
01001101011100110
00100000010100011
11101100000000000
10101111000101111
00111011110111101
00001010010000000
00000101110000101
10000100101000000
01010010111001000
11011001011010001
11101011111010111
01001011010011101
01111010000111101
11010110100111111
00010000100111101
01100100100100111
01111111100100101
00011011100011110
10011000100000101
11011010101101100
01011010001011111
11011000100110101
10000001110100000
11000000111011011
01001100100011100
11010100110011001
11000101110010000
11101001110000111
11001011110001110
11010001000011101
00010001000100101
11011011010011100
11010111100011011
01101011000010110
00110011000011001
00110001100010000
10000011001110100
10000001111000010
10011100000100010
01011101100101000
10101111100101011
01101011111100111
10011101111100111
10011111010111000
11111111000001001
11110110010100010
11110001100110011
01010011101110100
01111000001110000
01011100110010110
01000100101000110
01001010111011000
01100000011101000
01111111111001000
00000101111010010
11011111101110011
01110010001100010
00010000101111110
00000100111101100
01010000101110000
00001001001011100
