000000000
000000010
000000100
000000110
000001000
000001010
000001100
000001110
000010000
000010010
000010100
000010110
000011000
000011010
000011100
000011110
111011111
111011101
111011011
111011001
110110100
110110110
110111000
110111010
110111100
110111110
000111111
000111101
000111011
000111001
000110111
000110101
000110011
000110001
111010000
111010010
111010100
111010110
111011000
111011010
111001011
111001001
111000111
111000101
111000011
111000001
001000000
001000010
001000100
001000110
001001000
001001010
001001100
001001110
001010000
001010010
001010100
001010110
001011000
001011010
011110110
011111000
011111010
011111100
011111110
011111111
011111101
011111011
011111001
011110111
011110101
011110011
011110001
100010000
100010010
100010100
100010110
100011000
100011010
100011100
011001100
011001110
011010000
011010010
011010100
011010110
011011000
011011010
011011100
011011110
100011111
100011101
100011011
100011001
100010111
100010101
100010011
100010001
011110000
011110010
011110011
011110001
100010000
100010010
100010100
100010110
100011000
100011010
100011100
100011110
011011111
011011101
011011011
011011001
011010111
011010101
011010011
011010001
100110000
100110010
110100011
110100001
001100000
001100010
001100100
001100110
001101000
001101010
001101100
001101110
001110000
001110010
001110100
001110110
001111000
001111010
001111100
001111110
101111111
101111101
101001010
101001100
101001110
101010000
101010010
101010100
101010110
101011000
101011010
101011100
101011110
010011111
010011101
010011011
010011001
010010111
010010101
010010011
010010001
101110000
001110010
001110100
001110110
001111000
001111010
001111100
001111110
101111111
101111101
101111011
101111001
101110111
101110101
101110011
101110001
010010000
010010010
010010100
010010110
010011000
110101100
110101110
110110000
110110010
110110100
110110110
110111000
110111010
110111100
110111110
000111111
000111101
000111011
000111001
000110111
000110101
000110011
000110001
111010000
111010010
011111010
011111100
011111110
011111111
011111101
011111011
011111001
011110111
011110101
011110011
011110001
100010000
100010010
100010100
100010110
100011000
100011010
100011100
100011110
011011111
011001100
011001110
011010000
011010010
011010100
011010110
011011000
011011010
011011100
011011110
100011111
100011101
100011011
100011001
100010111
100010101
100010011
100010001
011110000
011110010
010101000
010101010
010101100
010101110
010110000
010110010
010110100
010110110
010111000
010111010
010111100
010111110
100111111
100111101
100111011
100111001
100110111
100110101
100110011
100110001
101110010
101110100
101110110
101111000
101111010
101111100
101111110
001111111
001111101
001111011
001111001
001110111
001110101
001110011
001110001
110010000
110010010
110010100
110010110
110011000
111111101
111111011
111111001
111110111
111110101
111110011
111110001
000010000
000010010
000010100
000010110
000011000
000011010
000011100
000011110
111011111
111011101
111011011
111011001
111010111
110100100
110100110
110101000
110101010
110101100
110101110
110110000
110110010
110110100
110110110
110111000
110111010
110111100
110111110
000111111
000111101
000111011
000111001
000110111
000110101
101110010
101110100
101110110
101111000
101111010
101111100
101111110
001111111
001111101
001111011
001111001
001110111
001110101
001110011
001110001
110010000
110010010
110010100
110010110
110011000
110100001
001100000
001100010
001100100
001100110
001101000
001101010
001101100
001101110
001110000
001110010
001110100
001110110
001111000
001111010
001111100
001111110
101111111
101111101
101111011
100011010
100011100
100011110
011011111
011011101
011011011
011011001
011010111
011010101
011010011
011010001
100110000
100110010
100110100
100110110
100111000
100111010
100111100
100111110
010111111
010111000
010111010
010111100
010111110
100111111
100111101
100111011
100111001
100110111
100110101
100110011
100110001
011010000
011010010
011010100
011010110
011011000
011011010
011011100
011011110
010101110
010110000
010110010
010110100
010110110
010111000
010111010
010111100
010111110
100111111
100111101
100111011
100111001
100110111
100110101
100110011
100110001
011010000
011010010
011010100
011110011
011110001
100010000
100010010
100010100
100010110
100011000
100011010
100011100
100011110
011011111
011011101
011011011
011011001
011010111
011010101
011010011
011010001
100110000
100110010
000101110
000110000
000110010
000110100
000110110
000111000
000111010
000111100
000111110
110111111
110111101
110111011
110111001
110110111
110110101
110110011
110110001
001010000
001010010
001010100
000000111
000000101
000000011
000000001
100000000
100000000
100000010
100000010
100000100
100000100
100000110
100000110
100001000
100001000
100001010
100001010
100001100
100001100
100001110
100001110
000111110
110111111
110111101
110111011
110111001
110110111
110110101
110110011
110110001
001010000
001010010
001010100
001010110
001011000
001011010
001011100
001011110
110011111
110011101
110011011
110111000
110111010
110111100
110111110
000111111
000111101
000111011
000111001
000110111
000110101
000110011
000110001
111010000
111010010
111010100
111010110
111011000
111011010
111011100
111011110
101010011
101010001
010110000
010110010
010110100
010110110
010111000
010111010
010111100
010111110
100111111
100111101
100111011
100111001
100110111
100110101
100110011
100110001
011010000
011010010
101010111
101010101
101010011
101010001
010110000
010110010
010110100
010110110
010111000
010111010
010111100
010111110
100111111
100111101
100111011
100111001
100110111
100110101
100110011
100110001
111010001
000110000
000110010
000110100
000110110
000111000
000111010
000111100
000111110
110111111
110111101
110111011
110111001
110110111
110110101
110110011
110110001
001010000
001010010
001010100
011110101
011110011
011110001
100010000
100010010
100010100
100010110
100011000
100011010
100011100
100011110
011011111
011011101
011011011
011011001
011010111
011010101
011010011
011010001
100110000
101010110
101011000
101011010
101011100
101011110
010011111
010011101
010011011
010011001
010010111
010010101
010010011
010010001
101110000
101110010
101110100
101110110
101111000
101111010
101111100
001101101
001101011
001101001
001100111
001100101
001100011
001100001
110100000
110100010
110100100
110100110
110101000
110101010
110101100
110101110
110110000
110110010
110110100
110110110
110111000
010001010
010001100
010001110
010010000
010010010
010010100
010010110
010011000
010011010
010011100
010011110
101011111
101011101
101011011
101011001
101010111
101010101
101010011
101010001
010110000
100110110
100111000
100111010
100111100
100111110
010111111
010111101
010111011
010111001
010110111
010110101
010110011
010110001
101010000
101010010
101010100
101010110
101011000
101011010
101011100
001001000
001001010
001001100
001001110
001010000
001010010
001010100
001010110
001011000
001011010
001011100
001011110
110011111
110011101
110011011
110011001
110010111
110010101
110010011
110010001
100110110
100111000
100111010
100111100
100111110
010111111
010111101
010111011
010111001
010110111
010110101
010110011
010110001
101010000
101010010
101010100
101010110
101011000
101011010
101011100
110111101
110111011
110111001
110110111
110110101
110110011
110110001
001010000
001010010
001010100
001010110
001011000
001011010
001011100
001011110
110011111
110011101
110011011
110011001
110010111
011010110
011011000
011011010
011011100
011011110
100011111
100011101
100011011
100011001
100010111
100010101
100010011
100010001
011110000
011110010
011110100
011110110
011111000
011111010
011111100
011100100
011100110
011101000
011101010
011101100
011101110
011110000
011110010
011110100
011110110
011111000
011111010
011111100
011111110
011111111
011111101
011111011
011111001
011110111
011110101
111000110
111001000
111001010
111001100
111001110
111010000
111010010
111010100
111010110
111011000
111011010
111011100
111011110
000011111
000011101
000011011
000011001
000010111
000010101
000010011
001010011
001010001
110110000
110110010
110110100
110110110
110111000
110111010
110111100
110111110
000111111
000111101
000111011
000111001
000110111
000110101
000110011
000110001
111010000
111010010
000010000
000010010
000010100
000010110
000011000
000011010
000011100
000011110
111011111
111011101
111011011
111011001
111010111
111010101
111010011
111010001
000110000
000110010
000110100
000110110
000100100
000100110
000101000
000101010
000101100
000101110
000110000
000110010
000110100
000110110
000111000
000111010
000111100
000111110
110111111
110111101
110111011
110111001
110110111
110110101
110111010
110111100
110111110
000111111
000111101
000111011
000111001
000110111
000110101
000110011
000110001
111010000
111010010
111010100
111010110
111011000
111011010
111011100
111011110
000011111
000011010
000011100
000011110
111011111
111011101
111011011
111011001
111010111
111010101
111010011
111010001
000110000
000110010
000110100
000110110
000111000
000111010
000111100
000111110
110111111
010100111
010100101
010100011
010100001
101100000
101100010
101100100
101100110
101101000
101101010
101101100
101101110
101110000
101110010
101110100
101110110
101111000
101111010
101111100
101111110
100110111
100110101
100110011
100110001
011010000
011010010
011010100
011010110
011011000
011011010
011011100
011011110
100011111
100011101
100011011
100011001
100010111
100010101
100010011
100010001
110010001
001110000
001110010
001110100
001110110
001111000
001111010
001111100
001111110
101111111
101111101
101111011
101111001
101110111
101110101
101110011
101110001
010010000
010010010
010010100
100111100
100111110
010111111
010111101
010111011
010111001
010110111
010110101
010110011
010110001
101010000
101010010
101010100
101010110
101011000
101011010
101011100
101011110
010011111
010011101
110000110
110001000
110001010
110001100
110001110
110010000
110010010
110010100
110010110
110011000
110011010
110011100
110011110
001011111
001011101
001011011
001011001
001010111
001010101
001010011
