0000000000000000
0000000000000001
0000000000000011
0000000000000010
0000000000000110
0000000000000111
0000000000000101
0000000000000100
0000000000001100
0000000000001101
0000000000001111
0000000000001110
0000000000001010
0000000000001011
0000000000001001
0000000000001000
0000000000011000
0000000000011001
0000000000011011
0000000000011010
0000000000011110
0000000000011111
0000000000011101
0000000000011100
0000000000010100
0000000000010101
0000000000010111
0000000000010110
0000000000010010
0000000000010011
0000000000010001
0000000000010000
0000000000110000
0000000000110001
0000000000110011
0000000000110010
0000000000110110
0000000000110111
0000000000110101
0000000000110100
0000000000111100
0000000000111101
0000000000111111
0000000000111110
0000000000111010
0000000000111011
0000000000111001
0000000000111000
0000000000101000
0000000000101001
0000000000101011
0000000000101010
0000000000101110
0000000000101111
0000000000101101
0000000000101100
0000000000100100
0000000000100101
0000000000100111
0000000000100110
1010000110000011
1010000110000010
1010000110000110
1010000110000111
1010000110000101
1010000110000100
1010000110001100
1010000110001101
1010000110001111
1010000110001110
1010000110001010
1010000110001011
1010000110001001
1010000110001000
1010000110011000
1010000110011001
1010000110011011
1010000110011010
1010000110011110
1010000110011111
1010000110011101
1010000110011100
1010000110010100
1010000110010101
1010000110010111
1010000110010110
1010000110010010
1010000110010011
1010000110010001
1010000110010000
1010000110110000
1010000110110001
1010000110110011
1010000110110010
1010000110110110
1010000110110111
1010000110110101
1010000110110100
1010000110111100
1010000110111101
1010000110111111
1010000110111110
1010000110111010
1010000110111011
1010000110111001
1010000110111000
1010000110101000
1010000110101001
1010000110101011
1010000110101010
1010000110101110
1010000110101111
1010000110101101
1010000110101100
1010000110100100
1010000110100101
1010000110100111
1010000110100110
1010000110100010
1010000110100011
0011001100001110
0011001100001010
0011001100001011
0011001100001001
0011001100001000
0011001100011000
0011001100011001
0011001100011011
0011001100011010
0011001100011110
0011001100011111
0011001100011101
0011001100011100
0011001100010100
0011001100010101
0011001100010111
0011001100010110
0011001100010010
0011001100010011
0011001100010001
0011001100010000
0011001100110000
0011001100110001
0011001100110011
0011001100110010
0011001100110110
0011001100110111
0011001100110101
0011001100110100
0011001100111100
0011001100111101
0011001100111111
0011001100111110
0011001100111010
0011001100111011
0011001100111001
0011001100111000
0011001100101000
0011001100101001
0011001100101011
0011001100101010
0011001100101110
0011001100101111
0011001100101101
0011001100101100
0011001100100100
0011001100100101
0011001100100111
0011001100100110
0011001100100010
0011001100100011
0011001100100001
0011001100100000
0011001101100000
0011001101100001
0011001101100011
0011001101100010
0011001101100110
0011001101100111
0011001101100101
1101100110001101
1101100110001111
1101100110001110
1101100110001010
1101100110001011
1101100110001001
1101100110001000
1101100110011000
1101100110011001
1101100110011011
1101100110011010
1101100110011110
1101100110011111
1101100110011101
1101100110011100
1101100110010100
1101100110010101
1101100110010111
1101100110010110
1101100110010010
1101100110010011
1101100110010001
1101100110010000
1101100110110000
1101100110110001
1101100110110011
1101100110110010
1101100110110110
1101100110110111
1101100110110101
1101100110110100
1101100110111100
1101100110111101
1101100110111111
1101100110111110
1101100110111010
1101100110111011
1101100110111001
1101100110111000
1101100110101000
1101100110101001
1101100110101011
1101100110101010
1101100110101110
1101100110101111
1101100110101101
1101100110101100
1101100110100100
1101100110100101
1101100110100111
1101100110100110
1101100110100010
1101100110100011
1101100110100001
1101100110100000
1101100111100000
1101100111100001
1101100111100011
1101100111100010
1101100111100110
1101111001000100
1101111001000101
1101111001000111
1101111001000110
1101111001000010
1101111001000011
1101111001000001
1101111001000000
1101111011000000
1101111011000001
1101111011000011
1101111011000010
1101111011000110
1101111011000111
1101111011000101
1101111011000100
1101111011001100
1101111011001101
1101111011001111
1101111011001110
1101111011001010
1101111011001011
1101111011001001
1101111011001000
1101111011011000
1101111011011001
1101111011011011
1101111011011010
1101111011011110
1101111011011111
1101111011011101
1101111011011100
1101111011010100
1101111011010101
1101111011010111
1101111011010110
1101111011010010
1101111011010011
1101111011010001
1101111011010000
1101111011110000
1101111011110001
1101111011110011
1101111011110010
1101111011110110
1101111011110111
1101111011110101
1101111011110100
1101111011111100
1101111011111101
1101111011111111
1101111011111110
1101111011111010
1101111011111011
1101111011111001
1101111011111000
1101111011101000
1101111011101001
1101111011101011
1101111011101010
0000011101101001
0000011101101011
0000011101101010
0000011101101110
0000011101101111
0000011101101101
0000011101101100
0000011101100100
0000011101100101
0000011101100111
0000011101100110
0000011101100010
0000011101100011
0000011101100001
0000011101100000
0000011100100000
0000011100100001
0000011100100011
0000011100100010
0000011100100110
0000011100100111
0000011100100101
0000011100100100
0000011100101100
0000011100101101
0000011100101111
0000011100101110
0000011100101010
0000011100101011
0000011100101001
0000011100101000
0000011100111000
0000011100111001
0000011100111011
0000011100111010
0000011100111110
0000011100111111
0000011100111101
0000011100111100
0000011100110100
0000011100110101
0000011100110111
0000011100110110
0000011100110010
0000011100110011
0000011100110001
0000011100110000
0000011100010000
0000011100010001
0000011100010011
0000011100010010
0000011100010110
0000011100010111
0000011100010101
0000011100010100
0000011100011100
0000011100011101
0000011100011111
0000011100011110
0000011100011010
1111110111101111
1111110111101110
1111110111101010
1111110111101011
1111110111101001
1111110111101000
1111110111111000
1111110111111001
1111110111111011
1111110111111010
1111110111111110
1111110111111111
1111110111111101
1111110111111100
1111110111110100
1111110111110101
1111110111110111
1111110111110110
1111110111110010
1111110111110011
1111110111110001
1111110111110000
1111110111010000
1111110111010001
1111110111010011
1111110111010010
1111110111010110
1111110111010111
1111110111010101
1111110111010100
1111110111011100
1111110111011101
1111110111011111
1111110111011110
1111110111011010
1111110111011011
1111110111011001
1111110111011000
1111110111001000
1111110111001001
1111110111001011
1111110111001010
1111110111001110
1111110111001111
1111110111001101
1111110111001100
1111110111000100
1111110111000101
1111110111000111
1111110111000110
1111110111000010
1111110111000011
1111110111000001
1111110111000000
1111110101000000
1111110101000001
1111110101000011
1111110101000010
1111110101000110
1111110101000111
0100001101010111
0100001101010110
0100001101010010
0100001101010011
0100001101010001
0100001101010000
0100001101110000
0100001101110001
0100001101110011
0100001101110010
0100001101110110
0100001101110111
0100001101110101
0100001101110100
0100001101111100
0100001101111101
0100001101111111
0100001101111110
0100001101111010
0100001101111011
0100001101111001
0100001101111000
0100001101101000
0100001101101001
0100001101101011
0100001101101010
0100001101101110
0100001101101111
0100001101101101
0100001101101100
0100001101100100
0100001101100101
0100001101100111
0100001101100110
0100001101100010
0100001101100011
0100001101100001
0100001101100000
0100001100100000
0100001100100001
0100001100100011
0100001100100010
0100001100100110
0100001100100111
0100001100100101
0100001100100100
0100001100101100
0100001100101101
0100001100101111
0100001100101110
0100001100101010
0100001100101011
0100001100101001
0100001100101000
0100001100111000
0100001100111001
0100001100111011
0100001100111010
0100001100111110
0100001100111111
1010000011100010
1010000011100011
1010000011100001
1010000011100000
1010000010100000
1010000010100001
1010000010100011
1010000010100010
1010000010100110
1010000010100111
1010000010100101
1010000010100100
1010000010101100
1010000010101101
1010000010101111
1010000010101110
1010000010101010
1010000010101011
1010000010101001
1010000010101000
1010000010111000
1010000010111001
1010000010111011
1010000010111010
1010000010111110
1010000010111111
1010000010111101
1010000010111100
1010000010110100
1010000010110101
1010000010110111
1010000010110110
1010000010110010
1010000010110011
1010000010110001
1010000010110000
1010000010010000
1010000010010001
1010000010010011
1010000010010010
1010000010010110
1010000010010111
1010000010010101
1010000010010100
1010000010011100
1010000010011101
1010000010011111
1010000010011110
1010000010011010
1010000010011011
1010000010011001
1010000010011000
1010000010001000
1010000010001001
1010000010001011
1010000010001010
1010000010001110
1010000010001111
1010000010001101
1010000010001100
1010001101111001
1010001101111011
1010001101111010
1010001101111110
1010001101111111
1010001101111101
1010001101111100
1010001101110100
1010001101110101
1010001101110111
1010001101110110
1010001101110010
1010001101110011
1010001101110001
1010001101110000
1010001101010000
1010001101010001
1010001101010011
1010001101010010
1010001101010110
1010001101010111
1010001101010101
1010001101010100
1010001101011100
1010001101011101
1010001101011111
1010001101011110
1010001101011010
1010001101011011
1010001101011001
1010001101011000
1010001101001000
1010001101001001
1010001101001011
1010001101001010
1010001101001110
1010001101001111
1010001101001101
1010001101001100
1010001101000100
1010001101000101
1010001101000111
1010001101000110
1010001101000010
1010001101000011
1010001101000001
1010001101000000
1010001111000000
1010001111000001
1010001111000011
1010001111000010
1010001111000110
1010001111000111
1010001111000101
1010001111000100
1010001111001100
1010001111001101
1010001111001111
1010001111001110
1010001111001010
0001111001111100
0001111001110100
0001111001110101
0001111001110111
0001111001110110
0001111001110010
0001111001110011
0001111001110001
0001111001110000
0001111001010000
0001111001010001
0001111001010011
0001111001010010
0001111001010110
0001111001010111
0001111001010101
0001111001010100
0001111001011100
0001111001011101
0001111001011111
0001111001011110
0001111001011010
0001111001011011
0001111001011001
0001111001011000
0001111001001000
0001111001001001
0001111001001011
0001111001001010
0001111001001110
0001111001001111
0001111001001101
0001111001001100
0001111001000100
0001111001000101
0001111001000111
0001111001000110
0001111001000010
0001111001000011
0001111001000001
0001111001000000
0001111011000000
0001111011000001
0001111011000011
0001111011000010
0001111011000110
0001111011000111
0001111011000101
0001111011000100
0001111011001100
0001111011001101
0001111011001111
0001111011001110
0001111011001010
0001111011001011
0001111011001001
0001111011001000
0001111011011000
0001111011011001
0001111011011011
0100011101010110
0100011101010111
0100011101010101
0100011101010100
0100011101011100
0100011101011101
0100011101011111
0100011101011110
0100011101011010
0100011101011011
0100011101011001
0100011101011000
0100011101001000
0100011101001001
0100011101001011
0100011101001010
0100011101001110
0100011101001111
0100011101001101
0100011101001100
0100011101000100
0100011101000101
0100011101000111
0100011101000110
0100011101000010
0100011101000011
0100011101000001
0100011101000000
0100011111000000
0100011111000001
0100011111000011
0100011111000010
0100011111000110
0100011111000111
0100011111000101
0100011111000100
0100011111001100
0100011111001101
0100011111001111
0100011111001110
0100011111001010
0100011111001011
0100011111001001
0100011111001000
0100011111011000
0100011111011001
0100011111011011
0100011111011010
0100011111011110
0100011111011111
0100011111011101
0100011111011100
0100011111010100
0100011111010101
0100011111010111
0100011111010110
0100011111010010
0100011111010011
0100011111010001
0100011111010000
0101110110100110
0101110110100010
0101110110100011
0101110110100001
0101110110100000
0101110111100000
0101110111100001
0101110111100011
0101110111100010
0101110111100110
0101110111100111
0101110111100101
0101110111100100
0101110111101100
0101110111101101
0101110111101111
0101110111101110
0101110111101010
0101110111101011
0101110111101001
0101110111101000
0101110111111000
0101110111111001
0101110111111011
0101110111111010
0101110111111110
0101110111111111
0101110111111101
0101110111111100
0101110111110100
0101110111110101
0101110111110111
0101110111110110
0101110111110010
0101110111110011
0101110111110001
0101110111110000
0101110111010000
0101110111010001
0101110111010011
0101110111010010
0101110111010110
0101110111010111
0101110111010101
0101110111010100
0101110111011100
0101110111011101
0101110111011111
0101110111011110
0101110111011010
0101110111011011
0101110111011001
0101110111011000
0101110111001000
0101110111001001
0101110111001011
0101110111001010
0101110111001110
0101110111001111
0101110111001101
0111010111100100
0111010111101100
0111010111101101
0111010111101111
0111010111101110
0111010111101010
0111010111101011
0111010111101001
0111010111101000
0111010111111000
0111010111111001
0111010111111011
0111010111111010
0111010111111110
0111010111111111
0111010111111101
0111010111111100
0111010111110100
0111010111110101
0111010111110111
0111010111110110
0111010111110010
0111010111110011
0111010111110001
0111010111110000
0111010111010000
0111010111010001
0111010111010011
0111010111010010
0111010111010110
0111010111010111
0111010111010101
0111010111010100
0111010111011100
0111010111011101
0111010111011111
0111010111011110
0111010111011010
0111010111011011
0111010111011001
0111010111011000
0111010111001000
0111010111001001
0111010111001011
0111010111001010
0111010111001110
0111010111001111
0111010111001101
0111010111001100
0111010111000100
0111010111000101
0111010111000111
0111010111000110
0111010111000010
0111010111000011
0111010111000001
0111010111000000
0111010101000000
0111010101000001
0111010101000011
0111011000111110
0111011000111111
0111011000111101
0111011000111100
0111011000110100
0111011000110101
0111011000110111
0111011000110110
0111011000110010
0111011000110011
0111011000110001
0111011000110000
0111011000010000
0111011000010001
0111011000010011
0111011000010010
0111011000010110
0111011000010111
0111011000010101
0111011000010100
0111011000011100
0111011000011101
0111011000011111
0111011000011110
0111011000011010
0111011000011011
0111011000011001
0111011000011000
0111011000001000
0111011000001001
0111011000001011
0111011000001010
0111011000001110
0111011000001111
0111011000001101
0111011000001100
0111011000000100
0111011000000101
0111011000000111
0111011000000110
0111011000000010
0111011000000011
0111011000000001
0111011000000000
0111001000000000
0111001000000001
0111001000000011
0111001000000010
0111001000000110
0111001000000111
0111001000000101
0111001000000100
0111001000001100
0111001000001101
0111001000001111
0111001000001110
0111001000001010
0111001000001011
0111001000001001
0111001000001000
0101010000111001
0101010000111011
0101010000111010
0101010000111110
0101010000111111
0101010000111101
0101010000111100
0101010000110100
0101010000110101
0101010000110111
0101010000110110
0101010000110010
0101010000110011
0101010000110001
0101010000110000
0101010000010000
0101010000010001
0101010000010011
0101010000010010
0101010000010110
0101010000010111
0101010000010101
0101010000010100
0101010000011100
0101010000011101
0101010000011111
0101010000011110
0101010000011010
0101010000011011
0101010000011001
0101010000011000
0101010000001000
0101010000001001
0101010000001011
0101010000001010
0101010000001110
0101010000001111
0101010000001101
0101010000001100
0101010000000100
0101010000000101
0101010000000111
0101010000000110
0101010000000010
0101010000000011
0101010000000001
0101010000000000
0101110000000000
0101110000000001
0101110000000011
0101110000000010
0101110000000110
0101110000000111
0101110000000101
0101110000000100
0101110000001100
0101110000001101
0101110000001111
0101110000001110
0101110000001010
0101101111110010
0101101111110011
0101101111110001
0101101111110000
0101101111010000
0101101111010001
0101101111010011
0101101111010010
0101101111010110
0101101111010111
0101101111010101
0101101111010100
0101101111011100
0101101111011101
0101101111011111
0101101111011110
0101101111011010
0101101111011011
0101101111011001
0101101111011000
0101101111001000
0101101111001001
0101101111001011
0101101111001010
0101101111001110
0101101111001111
0101101111001101
0101101111001100
0101101111000100
0101101111000101
0101101111000111
0101101111000110
0101101111000010
0101101111000011
0101101111000001
0101101111000000
0101101101000000
0101101101000001
0101101101000011
0101101101000010
