10110111
00010111
01000110
01010101
11000101
00111001
11110111
00100101
10111101
01000011
01010101
01111110
11100101
00000001
10111011
11100101
00111000
11001011
01110010
01111100
11000101
00011100
10000010
00010000
10110010
01111101
01111110
00011100
11000111
11111110
10101101
01100111
11010110
00110110
11010110
00110001
01011110
01001011
10010010
10111101
00001100
00011011
10110011
00001011
11111010
01010110
00101100
11010001
10100010
10010001
10110001
00010110
11000010
00001101
11111001
11000101
01111100
10111001
01011001
00000100
11111100
01001011
11110001
10101111
01010101
00110111
11100000
00001101
01001100
00110000
00101000
01110101
10000001
11010010
01101101
00001111
00011100
00110010
01001100
01110110
10111111
01000100
11000101
10000010
10000001
01110000
11110011
01000000
10100110
00010100
10001100
11101101
00011100
00101111
10110000
11011110
11110001
10010010
00101110
10000100
01111100
10110100
00010111
01001010
10110001
11111111
10001010
10110101
00011100
11001001
00111110
01001101
01110010
10100101
00101111
11000111
10011011
00101111
00000000
10101110
11101000
10101011
10101100
10000011
10111000
01001100
11101110
01100110
00101110
00111001
01110111
00001010
01011001
00101010
11011010
01100001
11010110
01110111
01100111
00010110
00010100
00111000
11110001
10001100
00111111
10101101
11000011
00111010
11010010
11010110
11111101
00111011
11011011
10001010
00011001
10011101
01100101
10101101
10100101
11000110
01010100
11010110
01011101
11010111
10001110
00000011
00101000
10001011
10111010
10011110
01010101
10100111
11010001
10001110
10000111
10100110
11100010
00110100
11010100
11011110
01000000
01011011
10101111
00101011
01100100
11010110
11011000
11000011
11101011
01001101
01101100
00111100
00100110
01010101
11000111
10010110
10101110
01111000
01010001
00101110
00000001
01110101
11000010
11110100
01111101
11010100
11100110
00110011
10010110
11110001
00101110
01011110
00010101
01011110
00100000
00010101
00010011
11001010
10011010
00001101
10000011
10000101
10011000
01100101
10101101
01101111
11100010
10011101
01101011
10100010
00010111
10000101
10111011
00101110
10101010
01100010
01101101
00111000
11010101
00100011
01101111
00100010
01110110
11101101
11000110
10010010
10011101
00111101
11100110
00100101
00110010
11111111
11001001
11001101
01100011
01111011
00111011
10001110
01001101
10111010
00100110
01001110
11101101
00000100
00100110
11010110
01111100
10110010
10111111
00111001
01111101
01101000
01100000
00100100
10110000
10100001
00101110
11101100
10010101
11010110
01011100
11110011
01101010
11111001
00111101
10011100
01000100
11000010
11011000
01101110
00101100
01010110
00100000
11000100
01111101
11111000
11100011
01111100
00110101
00100001
11111111
11100100
10111111
11100010
11111000
10111010
00101111
11101001
00011111
10000101
00001111
10100110
00010000
10101111
11101001
01101011
00000010
00101000
00000101
11110110
00001111
00110110
01000100
10111100
00100101
11100100
00001010
01000110
10001101
10110000
00010110
11010110
01001011
00111011
00100011
10010100
00010001
01010010
01010101
11111101
01110101
10110101
00000101
11100110
01010011
10000010
11011010
11101000
11010110
00101110
11111110
10001011
11000001
10001100
11110111
00101011
00101000
00111010
01101000
11100110
11101110
00011010
10111101
01111101
10001100
11011001
00110001
01001101
10110110
00110010
00101111
00110001
11000000
01100111
00000110
01110010
11001001
00100000
00100110
10000001
01110100
00010001
10011000
11111010
11001010
00100011
00010001
11100001
01100001
11110000
11111010
11001011
11001011
11010001
10100101
11010111
10110000
00010110
01100101
11000000
01110010
00111100
00001111
10100011
10001001
10101111
01101100
10001000
00000110
01101111
11101010
01110100
00101110
00110100
00111010
00110100
11000111
10010010
00000001
10011011
11001010
01100010
00011100
00000100
10110000
11000000
00000010
10101011
11100101
10001000
11110010
01000000
01001010
10000100
10101110
01100001
00011001
11110010
01001101
00000101
01100101
11010001
11100001
11111001
11010000
01010100
00001101
01011110
11001000
00101100
01000110
11001110
01110101
00110000
01101000
11101111
10000001
00101111
11001000
01000111
00010111
01001011
00011101
10010000
10101000
00110111
10000010
00101101
11000111
10010011
00100000
10111111
10010000
11011110
10011111
00001101
10100101
01001000
00000100
01111010
01111001
11001000
11000000
11101011
01111011
10111011
01111100
10111111
11111000
00011001
01101011
10111100
01100011
10001001
01111010
11010100
01001101
10000011
00010111
01001010
10000011
01001101
10001000
10010101
00111101
10001100
00010000
11001101
01000111
11110000
11110011
00101001
11100001
00101101
10110001
11000110
10101100
10101010
10011111
11001100
11100011
00010000
00111011
11001100
10101111
11001100
11001101
10110101
10011011
11000010
00101100
00100000
11100011
01011010
10011010
10001101
11101110
00000001
11010010
10100010
10011010
11011111
11101000
10001111
01100110
10001010
10010101
11011011
01000110
10011011
00001110
00001100
00110000
11110100
11100001
10011100
00111000
00011101
01111101
01100000
10111101
00101010
11010101
10101100
00111101
00100110
00000011
11100111
00001011
11100110
00011001
00011010
10011111
11001000
00000010
01110000
00110011
11010101
11010100
01011000
01000000
10001001
00110000
00010010
00100000
00111110
10111100
11101000
00010001
00100110
11110101
10100011
10101000
01101110
10110111
10010101
10000111
11101111
10110001
11001001
11111111
00011001
10011011
00101011
11101111
01010111
00010011
00011110
00010011
01110100
00011001
01100011
00001100
01010101
11011001
10111011
00100010
00110011
00000001
10001100
01001011
00100110
01001110
11010101
01010110
10101110
00110011
01011001
00000011
01101001
10010100
01010011
11111001
11110011
00010001
00011110
10110111
00111100
10101100
10111110
01111001
01100000
01001001
11100001
00100100
10111000
01101001
11111011
00111111
10011101
11010000
00111110
10011011
01000111
11111101
01101111
11010101
00101111
11011111
11000100
00100111
01001110
11010000
01100010
00101001
01111010
00101001
11011001
00000001
00100110
00010000
11001111
00111101
00100100
00101011
01111100
00101101
00000011
00101100
10011100
11001101
11100011
01110010
01000100
01101111
00110000
01100011
00111011
01010101
01010001
01100011
00100001
10110010
00011111
00100101
10100101
00010011
11101101
11100101
10010100
10101011
01110011
01000100
10011000
01111111
11000000
01001001
01000101
10111001
00011001
10111011
00101000
10100110
01110111
00101010
11111100
01000000
11000110
01111001
00000110
00111101
00111101
10001011
00001001
00010100
01111101
10101001
10010001
00011100
11000101
01111001
11100111
10110001
10010010
01111001
01111100
10100100
00011111
00011100
01010010
01110111
10111111
01010110
10111110
11111001
00100110
11010100
11011101
10001101
00000001
10001011
00001101
11110000
01110111
11101001
10111010
11111101
00000010
01101001
01011010
00111011
11011010
00111010
00110101
10001000
10111100
00101110
01110110
01100101
01011001
11011001
01110010
10011011
00110111
01011100
00100000
11000101
01100000
00101101
00011000
01100100
11110010
11000111
01011010
11111111
00000000
10101111
10100111
00100101
10111100
01011000
00110111
10110001
11000101
01100010
10101011
10111101
10000010
10110110
11101100
01111010
11111010
10001110
10111000
00100101
01000101
01001100
00001000
11110011
00000011
11011100
11100010
01100110
00110100
01110000
00100011
11011100
11110111
00110110
01001110
10001111
00101000
10111001
01000000
01010010
01110100
01111010
10110101
00110000
01110000
11110100
00011011
11100101
11110001
11001110
00100110
01010011
00110001
10100110
01101011
00001100
01111100
10011111
11001010
11100011
00000010
01111010
01010100
11000100
10100111
00011010
11001010
00010100
10101110
10011011
00000101
11010001
01010100
11110010
10111101
10011001
00011110
00000010
10011001
00100011
00111101
10110011
11010011
01011000
01100111
10100011
00011101
10000111
01101111
00010100
10100101
11011011
11011101
01011010
00001001
11011100
01010001
01000100
01011001
00011111
11011111
10001111
01010010
10000110
11101011
00010101
00110100
10011011
00111111
11101111
11110100
11101111
00010000
01101000
11010001
11110110
11011111
11000100
11000000
01000010
11000011
00001001
10101000
10000101
00111011
00111111
01101100
10111101
01010001
00110111
11111010
10001101
10100010
00100101
00101011
00101100
10010011
10001001
01110110
00110110
11001010
10110011
11001111
00110111
00111101
01110110
01010101
10110000
01001110
01000001
00110110
01000111
10001110
10111001
10100000
11001001
10011010
00100101
10010111
01101111
00100100
00110111
00101100
11100011
00111100
01010101
01010100
11001101
01111001
00001100
10011011
11111111
10010110
11011001
01001101
11001010
01111011
01111001
10110111
01110001
11001001
01111011
11011010
00110000
10110010
00111111
11010111
01001101
10100000
11100101
11100011
01010010
11111011
10001001
11100111
11110000
01011001
10000110
10000110
01101100
01001110
00001001
11101000
00111100
10010100
00101100
10111110
01010110
10011001
01010101
11110010
10101000
10000111
00001101
00101100
