0000000000000000
0000000000000001
0000000000000011
0000000000000010
0000000000000110
0100000011110110
0100000011110010
0100000011110011
0100000011110001
0100000011110000
1011110101100010
1011110101100110
1011110101100111
1011110101100101
1011110101100100
0000001011000100
0000001011000101
0000001011000111
0000001011000110
0000001011000010
1010101101010100
1010101101010101
1010101101010111
1010101101010110
1010101101010010
1100110100000010
1100110100000011
1100110100000001
1100110100000000
1100111100000000
1110101101000110
1110101101000010
1110101101000011
1110101101000001
1110101101000000
1001110011100010
1001110011100011
1001110011100001
1001110011100000
1001110010100000
0111000000110101
0111000000110111
0111000000110110
0111000000110010
0111000000110011
1110001000010111
1110001000010110
1110001000010010
1110001000010011
1110001000010001
0001010001010111
0001010001010101
0001010001010100
0001010001011100
0001010001011101
1110100011101111
1110100011101101
1110100011101100
1110100011100100
1110100011100101
1001111101011101
1001111101011111
1001111101011110
1001111101011010
1001111101011011
0111001001110011
0111001001110001
0111001001110000
0111001001010000
0111001001010001
0100011001000111
0100011001000101
0100011001000100
0100011001001100
0100011001001101
1100101001100101
1100101001100100
1100101001101100
1100101001101101
1100101001101111
0100101101100100
0100101101101100
0100101101101101
0100101101101111
0100101101101110
1010111011010010
1010111011010110
1010111011010111
1010111011010101
1010111011010100
1101101110000111
1101101110000110
1101101110000010
1101101110000011
1101101110000001
1100110010111010
1100110010111110
1100110010111111
1100110010111101
1100110010111100
1100011100111001
1100011100111011
1100011100111010
1100011100111110
1100011100111111
0001111001001011
0001111001001010
0001111001001110
0001111001001111
0001111001001101
1011010110100011
1011010110100001
1011010110100000
1011010111100000
1011010111100001
0100110111000101
0100110111000100
0100110111001100
0100110111001101
0100110111001111
0001101100001011
0001101100001001
0001101100001000
0001101100011000
0001101100011001
1110110010110111
1110110010110101
1110110010110100
1110110010111100
1110110010111101
0011010100101000
0011010100101001
0011010100101011
0011010100101010
0011010100101110
1010000011011010
1010000011011110
1010000011011111
1010000011011101
1010000011011100
0010010010110001
0010010010110000
0010010010010000
0010010010010001
0010010010010011
1101111100011000
1101111100001000
1101111100001001
1101111100001011
1101111100001010
0010111111001101
0010111111001100
0010111111000100
0010111111000101
0010111111000111
1000111010111110
1000111010111111
1000111010111101
1000111010111100
1000111010110100
1001010011110011
1001010011110001
1001010011110000
1001010011010000
1001010011010001
0111111111100101
0111111111100100
0111111111101100
0111111111101101
0111111111101111
1101100101011011
1101100101011010
1101100101011110
1101100101011111
1101100101011101
0110001101110101
0110001101110111
0110001101110110
0110001101110010
0110001101110011
0100001011110110
0100001011110111
0100001011110101
0100001011110100
0100001011111100
1101011110111000
1101011110111001
1101011110111011
1101011110111010
1101011110111110
0000010011011110
0000010011011010
0000010011011011
0000010011011001
0000010011011000
1111011000100000
1111011001100000
1111011001100001
1111011001100011
1111011001100010
1011101010000010
1011101010000110
1011101010000111
1011101010000101
1011101010000100
1110101011111110
1110101011111111
1110101011111101
1110101011111100
1110101011110100
0000101000000101
0000101000000100
0000101000001100
0000101000001101
0000101000001111
0101010011001101
0101010011001100
0101010011000100
0101010011000101
0101010011000111
0001110000001111
0001110000001101
0001110000001100
0001110000000100
0001110000000101
0100010110101010
0100010110101110
0100010110101111
0100010110101101
0100010110101100
1110101001101000
1110101001101001
1110101001101011
1110101001101010
1110101001101110
1101110111110000
1101110111110001
1101110111110011
1101110111110010
1101110111110110
0001101111001010
0001101111001011
0001101111001001
0001101111001000
0001101111011000
0010100011011010
0010100011011110
0010100011011111
0010100011011101
0010100011011100
1111011000100011
1111011000100001
1111011000100000
1111011001100000
1111011001100001
0110100111011000
0110100111011001
0110100111011011
0110100111011010
0110100111011110
0000000000010110
0000000000010010
0000000000010011
0000000000010001
0000000000010000
1000001101000111
1000001101000101
1000001101000100
1000001101001100
1000001101001101
1000110100011011
1000110100011010
1000110100011110
1000110100011111
1000110100011101
1001111110100010
1001111110100110
1001111110100111
1001111110100101
1001111110100100
1100011110000001
1100011110000011
1100011110000010
1100011110000110
1100011110000111
0011101110111111
0011101110111110
0011101110111010
0011101110111011
0011101110111001
1110101010010001
1110101010010000
1110101010110000
1110101010110001
1110101010110011
0011011111101101
0011011111101111
0011011111101110
0011011111101010
0011011111101011
0000001010000110
0000001010000111
0000001010000101
0000001010000100
0000001010001100
1101110100011011
1101110100011010
1101110100011110
1101110100011111
1101110100011101
1110011111101100
1110011111100100
1110011111100101
1110011111100111
1110011111100110
1100111010011101
1100111010011100
1100111010010100
1100111010010101
1100111010010111
0100000011101110
0100000011101010
0100000011101011
0100000011101001
0100000011101000
0010010000111001
0010010000111000
0010010000101000
0010010000101001
0010010000101011
1000000010110111
1000000010110101
1000000010110100
1000000010111100
1000000010111101
1111101110011011
1111101110011010
1111101110011110
1111101110011111
1111101110011101
0110001000100111
0110001000100101
0110001000100100
0110001000101100
0110001000101101
1011011001010110
1011011001010010
1011011001010011
1011011001010001
1011011001010000
0111110110101101
0111110110101111
0111110110101110
0111110110101010
0111110110101011
1011010111111101
1011010111111100
1011010111110100
1011010111110101
1011010111110111
1001111101011001
1001111101011000
1001111101001000
1001111101001001
1001111101001011
1111110111111111
1111110111111101
1111110111111100
1111110111110100
1111110111110101
0010000011110011
0010000011110001
0010000011110000
0010000011010000
0010000011010001
1101010011101000
1101010011101001
1101010011101011
1101010011101010
1101010011101110
0000001010000100
0000001010001100
0000001010001101
0000001010001111
0000001010001110
0101000101101111
0101000101101101
0101000101101100
0101000101100100
0101000101100101
0101010111100010
0101010111100011
0101010111100001
0101010111100000
0101010110100000
0101000110011101
0101000110011100
0101000110010100
0101000110010101
0101000110010111
1100101010101001
1100101010101000
1100101010111000
1100101010111001
1100101010111011
0111010111000010
0111010111000011
0111010111000001
0111010111000000
0111010101000000
0100110100000011
0100110100000010
0100110100000110
0100110100000111
0100110100000101
0011101001110111
0011101001110110
0011101001110010
0011101001110011
0011101001110001
0101000011010010
0101000011010011
0101000011010001
0101000011010000
0101000011110000
0111010011110101
0111010011110100
0111010011111100
0111010011111101
0111010011111111
0010100000111000
0010100000101000
0010100000101001
0010100000101011
0010100000101010
0000111111010100
0000111111010101
0000111111010111
0000111111010110
0000111111010010
1101010010010101
1101010010010100
1101010010011100
1101010010011101
1101010010011111
1001010110110011
1001010110110001
1001010110110000
1001010110010000
1001010110010001
0001101100000101
0001101100000100
0001101100001100
0001101100001101
0001101100001111
0110101101111111
0110101101111110
0110101101111010
0110101101111011
0110101101111001
0101111101101010
0101111101101011
0101111101101001
0101111101101000
0101111101111000
0111101000100010
0111101000100110
0111101000100111
0111101000100101
0111101000100100
1011101011010001
1011101011010011
1011101011010010
1011101011010110
1011101011010111
0110110101011101
0110110101011100
0110110101010100
0110110101010101
0110110101010111
0010011101110111
0010011101110110
0010011101110010
0010011101110011
0010011101110001
0001111011001011
0001111011001001
0001111011001000
0001111011011000
0001111011011001
0111101111011001
0111101111011011
0111101111011010
0111101111011110
0111101111011111
1010110111011111
1010110111011110
1010110111011010
1010110111011011
1010110111011001
0001001100110110
0001001100110010
0001001100110011
0001001100110001
0001001100110000
0011001100101111
0011001100101101
0011001100101100
0011001100100100
0011001100100101
0101110111011000
0101110111001000
0101110111001001
0101110111001011
0101110111001010
1101000011000111
1101000011000110
1101000011000010
1101000011000011
1101000011000001
0110110110111111
0110110110111110
0110110110111010
0110110110111011
0110110110111001
1100110111111111
1100110111111101
1100110111111100
1100110111110100
1100110111110101
0111111001111101
0111111001111100
0111111001110100
0111111001110101
0111111001110111
1100110111011111
1100110111011110
1100110111011010
1100110111011011
1100110111011001
0111100101001100
0111100101001101
0111100101001111
0111100101001110
0111100101001010
0101011011101011
0101011011101010
0101011011101110
0101011011101111
0101011011101101
1100000000001001
1100000000001000
1100000000011000
1100000000011001
1100000000011011
1010100011110110
1010100011110010
1010100011110011
1010100011110001
1010100011110000
0011001101111110
0011001101111111
0011001101111101
0011001101111100
0011001101110100
0101000100000111
0101000100000110
0101000100000010
0101000100000011
0101000100000001
0100000101101100
0100000101101101
0100000101101111
0100000101101110
0100000101101010
1011010111110110
1011010111110010
1011010111110011
1011010111110001
1011010111110000
1110010100101110
1110010100101010
1110010100101011
1110010100101001
1110010100101000
1100101001010001
1100101001010011
1100101001010010
1100101001010110
1100101001010111
0111001100111100
0111001100110100
0111001100110101
0111001100110111
0111001100110110
0000011010000110
0000011010000010
0000011010000011
0000011010000001
0000011010000000
0100001111101001
0100001111101000
0100001111111000
0100001111111001
0100001111111011
0110000111011000
0110000111001000
0110000111001001
0110000111001011
0110000111001010
1000100010110010
1000100010110011
1000100010110001
1000100010110000
1000100010010000
0110100011000101
0110100011000111
0110100011000110
0110100011000010
0110100011000011
1110001111100000
1110001111100001
1110001111100011
1110001111100010
1110001111100110
1000101000110010
1000101000110011
1000101000110001
1000101000110000
1000101000010000
1010001001101010
1010001001101110
1010001001101111
1010001001101101
1010001001101100
0101101001101100
0101101001101101
0101101001101111
0101101001101110
0101101001101010
1101010011111110
1101010011111010
1101010011111011
1101010011111001
1101010011111000
1111100111000111
1111100111000101
1111100111000100
1111100111001100
1111100111001101
1011110101111100
1011110101110100
1011110101110101
1011110101110111
1011110101110110
1111011011101111
1111011011101101
1111011011101100
1111011011100100
1111011011100101
0001010100001011
0001010100001010
0001010100001110
0001010100001111
0001010100001101
1000111111000100
1000111111000101
1000111111000111
1000111111000110
1000111111000010
1001110001101111
1001110001101110
1001110001101010
1001110001101011
1001110001101001
0011110001011110
0011110001011010
0011110001011011
0011110001011001
0011110001011000
1101010011111100
1101010011111101
1101010011111111
1101010011111110
1101010011111010
0101100010111010
0101100010111011
0101100010111001
0101100010111000
0101100010101000
0101001110001100
0101001110000100
0101001110000101
0101001110000111
0101001110000110
1001100011111111
1001100011111101
1001100011111100
1001100011110100
1001100011110101
1000101010110100
1000101010111100
1000101010111101
1000101010111111
1000101010111110
1010111101101011
1010111101101001
1010111101101000
1010111101111000
1010111101111001
0111100100110011
0111100100110001
0111100100110000
0111100100010000
0111100100010001
0011100011001011
0011100011001010
0011100011001110
0011100011001111
0011100011001101
1000110100000001
1000110100000011
1000110100000010
1000110100000110
1000110100000111
0001101100010100
0001101100010101
0001101100010111
0001101100010110
0001101100010010
1100001101100100
1100001101101100
1100001101101101
1100001101101111
1100001101101110
1010001111100000
1010001110100000
1010001110100001
1010001110100011
1010001110100010
1011010111111011
1011010111111010
1011010111111110
1011010111111111
1011010111111101
0111001001100000
0111001001100001
0111001001100011
0111001001100010
0111001001100110
1100010010011110
1100010010011111
1100010010011101
1100010010011100
1100010010010100
1011011000101011
1011011000101001
1011011000101000
1011011000111000
1011011000111001
1110111111001100
1110111111000100
1110111111000101
1110111111000111
1110111111000110
1010110010101101
1010110010101111
1010110010101110
1010110010101010
1010110010101011
1010101000110100
1010101000111100
1010101000111101
1010101000111111
1010101000111110
1011110010100101
1011110010100111
1011110010100110
1011110010100010
1011110010100011
1101001111101010
1101001111101011
1101001111101001
1101001111101000
1101001111111000
0001101100101110
0001101100101111
0001101100101101
0001101100101100
0001101100100100
0011011011110111
0011011011110101
0011011011110100
0011011011111100
0011011011111101
0100100001111101
0100100001111100
0100100001110100
0100100001110101
0100100001110111
0111110100111001
0111110100111000
0111110100101000
0111110100101001
0111110100101011
1100110100110011
1100110100110001
1100110100110000
1100110100010000
1100110100010001
0010011101010001
0010011101010011
0010011101010010
0010011101010110
0010011101010111
1010010001110001
1010010001110011
1010010001110010
1010010001110110
1010010001110111
0101110110101001
0101110110101011
0101110110101010
0101110110101110
0101110110101111
0110001111101011
0110001111101010
0110001111101110
0110001111101111
0110001111101101
1010110110100100
1010110110100101
1010110110100111
1010110110100110
1010110110100010
0010101000000010
0010101000000011
0010101000000001
0010101000000000
0010111000000000
0100000101001110
0100000101001111
0100000101001101
0100000101001100
0100000101000100
0001010011100110
0001010011100010
0001010011100011
0001010011100001
0001010011100000
1111010011100110
1111010011100111
1111010011100101
1111010011100100
1111010011101100
1111011100100000
1111011100100001
1111011100100011
1111011100100010
1111011100100110
0001100011101111
0001100011101101
0001100011101100
0001100011100100
0001100011100101
0101100100101000
0101100100101001
0101100100101011
0101100100101010
0101100100101110
1111100101100101
1111100101100100
1111100101101100
1111100101101101
1111100101101111
1111101001101001
1111101001101000
1111101001111000
1111101001111001
1111101001111011
0000000100100010
0000000100100110
0000000100100111
0000000100100101
0000000100100100
0110011111001100
0110011111000100
0110011111000101
0110011111000111
0110011111000110
0011101100000101
0011101100000111
0011101100000110
0011101100000010
0011101100000011
1011101000100110
1011101000100111
1011101000100101
1011101000100100
1011101000101100
0010100111010010
0010100111010110
0010100111010111
0010100111010101
0010100111010100
1000010101000111
1000010101000101
1000010101000100
1000010101001100
1000010101001101
0111011100011010
0111011100011110
0111011100011111
0111011100011101
0111011100011100
1110110010011010
1110110010011110
1110110010011111
1110110010011101
1110110010011100
0100000111101010
0100000111101110
0100000111101111
0100000111101101
0100000111101100
0010000100001101
0010000100001111
0010000100001110
0010000100001010
0010000100001011
0101101110111001
0101101110111000
0101101110101000
0101101110101001
0101101110101011
0011000001001000
0011000001001001
0011000001001011
0011000001001010
0011000001001110
1111110010110101
1111110010110111
1111110010110110
1111110010110010
1111110010110011
0100101101100000
0100101101100001
0100101101100011
0100101101100010
0100101101100110
1100001110001010
1100001110001110
1100001110001111
1100001110001101
1100001110001100
0110111110000011
0110111110000001
0110111110000000
0110111010000000
0110111010000001
0110100110110101
0110100110110111
0110100110110110
0110100110110010
0110100110110011
1111011011011101
1111011011011100
1111011011010100
1111011011010101
1111011011010111
0010110100101000
0010110100101001
0010110100101011
0010110100101010
0010110100101110
0011110111110010
0011110111110011
0011110111110001
0011110111110000
0011110111010000
0100000101010101
0100000101010100
0100000101011100
0100000101011101
0100000101011111
1100000111101111
1100000111101110
1100000111101010
1100000111101011
1100000111101001
0110100100000011
0110100100000010
0110100100000110
0110100100000111
0110100100000101
0001110101101110
0001110101101010
0001110101101011
0001110101101001
0001110101101000
