0000000000000000
0000000000000001
0000000000000011
0000000000000010
0000000000000110
0000000000000111
0000000000000101
0000000000000100
0000000000001100
0000000000001101
0000000000001111
0000000000001110
0000000000001010
0000000000001011
0000000000001001
0000000000001000
0000000000011000
0000000000011001
0000000000011011
0000000000011010
0100000011110110
0100000011110010
0100000011110011
0100000011110001
0100000011110000
0100000011010000
0100000011010001
0100000011010011
0100000011010010
0100000011010110
0100000011010111
0100000011010101
0100000011010100
0100000011011100
0100000011011101
0100000011011111
0100000011011110
0100000011011010
0100000011011011
0100000011011001
1011110101100010
1011110101100110
1011110101100111
1011110101100101
1011110101100100
1011110101101100
1011110101101101
1011110101101111
1011110101101110
1011110101101010
1011110101101011
1011110101101001
1011110101101000
1011110101111000
1011110101111001
1011110101111011
1011110101111010
1011110101111110
1011110101111111
1011110101111101
0000001011000100
0000001011000101
0000001011000111
0000001011000110
0000001011000010
0000001011000011
0000001011000001
0000001011000000
0000001001000000
0000001001000001
0000001001000011
0000001001000010
0000001001000110
0000001001000111
0000001001000101
0000001001000100
0000001001001100
0000001001001101
0000001001001111
0000001001001110
1010101101010100
1010101101010101
1010101101010111
1010101101010110
1010101101010010
1010101101010011
1010101101010001
1010101101010000
1010101101110000
1010101101110001
1010101101110011
1010101101110010
1010101101110110
1010101101110111
1010101101110101
1010101101110100
1010101101111100
1010101101111101
1010101101111111
1010101101111110
1100110100000010
1100110100000011
1100110100000001
1100110100000000
1100111100000000
1100111100000001
1100111100000011
1100111100000010
1100111100000110
1100111100000111
1100111100000101
1100111100000100
1100111100001100
1100111100001101
1100111100001111
1100111100001110
1100111100001010
1100111100001011
1100111100001001
1100111100001000
1110101101000110
1110101101000010
1110101101000011
1110101101000001
1110101101000000
1110101111000000
1110101111000001
1110101111000011
1110101111000010
1110101111000110
1110101111000111
1110101111000101
1110101111000100
1110101111001100
1110101111001101
1110101111001111
1110101111001110
1110101111001010
1110101111001011
1110101111001001
1001110011100010
1001110011100011
1001110011100001
1001110011100000
1001110010100000
1001110010100001
1001110010100011
1001110010100010
1001110010100110
1001110010100111
1001110010100101
1001110010100100
1001110010101100
1001110010101101
1001110010101111
1001110010101110
1001110010101010
1001110010101011
1001110010101001
1001110010101000
0111000000110101
0111000000110111
0111000000110110
0111000000110010
0111000000110011
0111000000110001
0111000000110000
0111000000010000
0111000000010001
0111000000010011
0111000000010010
0111000000010110
0111000000010111
0111000000010101
0111000000010100
0111000000011100
0111000000011101
0111000000011111
0111000000011110
0111000000011010
1110001000010111
1110001000010110
1110001000010010
1110001000010011
1110001000010001
1110001000010000
1110001000110000
1110001000110001
1110001000110011
1110001000110010
1110001000110110
1110001000110111
1110001000110101
1110001000110100
1110001000111100
1110001000111101
1110001000111111
1110001000111110
1110001000111010
1110001000111011
0001010001010111
0001010001010101
0001010001010100
0001010001011100
0001010001011101
0001010001011111
0001010001011110
0001010001011010
0001010001011011
0001010001011001
0001010001011000
0001010001001000
0001010001001001
0001010001001011
0001010001001010
0001010001001110
0001010001001111
0001010001001101
0001010001001100
0001010001000100
1110100011101111
1110100011101101
1110100011101100
1110100011100100
1110100011100101
1110100011100111
1110100011100110
1110100011100010
1110100011100011
1110100011100001
1110100011100000
1110100010100000
1110100010100001
1110100010100011
1110100010100010
1110100010100110
1110100010100111
1110100010100101
1110100010100100
1110100010101100
1001111101011101
1001111101011111
1001111101011110
1001111101011010
1001111101011011
1001111101011001
1001111101011000
1001111101001000
1001111101001001
1001111101001011
1001111101001010
1001111101001110
1001111101001111
1001111101001101
1001111101001100
1001111101000100
1001111101000101
1001111101000111
1001111101000110
1001111101000010
0111001001110011
0111001001110001
0111001001110000
0111001001010000
0111001001010001
0111001001010011
0111001001010010
0111001001010110
0111001001010111
0111001001010101
0111001001010100
0111001001011100
0111001001011101
0111001001011111
0111001001011110
0111001001011010
0111001001011011
0111001001011001
0111001001011000
0111001001001000
0100011001000111
0100011001000101
0100011001000100
0100011001001100
0100011001001101
0100011001001111
0100011001001110
0100011001001010
0100011001001011
0100011001001001
0100011001001000
0100011001011000
0100011001011001
0100011001011011
0100011001011010
0100011001011110
0100011001011111
0100011001011101
0100011001011100
0100011001010100
1100101001100101
1100101001100100
1100101001101100
1100101001101101
1100101001101111
1100101001101110
1100101001101010
1100101001101011
1100101001101001
1100101001101000
1100101001111000
1100101001111001
1100101001111011
1100101001111010
1100101001111110
1100101001111111
1100101001111101
1100101001111100
1100101001110100
1100101001110101
0100101101100100
0100101101101100
0100101101101101
0100101101101111
0100101101101110
0100101101101010
0100101101101011
0100101101101001
0100101101101000
0100101101111000
0100101101111001
0100101101111011
0100101101111010
0100101101111110
0100101101111111
0100101101111101
0100101101111100
0100101101110100
0100101101110101
0100101101110111
1010111011010010
1010111011010110
1010111011010111
1010111011010101
1010111011010100
1010111011011100
1010111011011101
1010111011011111
1010111011011110
1010111011011010
1010111011011011
1010111011011001
1010111011011000
1010111011001000
1010111011001001
1010111011001011
1010111011001010
1010111011001110
1010111011001111
1010111011001101
1101101110000111
1101101110000110
1101101110000010
1101101110000011
1101101110000001
1101101110000000
1101101010000000
1101101010000001
1101101010000011
1101101010000010
1101101010000110
1101101010000111
1101101010000101
1101101010000100
1101101010001100
1101101010001101
1101101010001111
1101101010001110
1101101010001010
1101101010001011
1100110010111010
1100110010111110
1100110010111111
1100110010111101
1100110010111100
1100110010110100
1100110010110101
1100110010110111
1100110010110110
1100110010110010
1100110010110011
1100110010110001
1100110010110000
1100110010010000
1100110010010001
1100110010010011
1100110010010010
1100110010010110
1100110010010111
1100110010010101
1100011100111001
1100011100111011
1100011100111010
1100011100111110
1100011100111111
1100011100111101
1100011100111100
1100011100110100
1100011100110101
1100011100110111
1100011100110110
1100011100110010
1100011100110011
1100011100110001
1100011100110000
1100011100010000
1100011100010001
1100011100010011
1100011100010010
1100011100010110
0001111001001011
0001111001001010
0001111001001110
0001111001001111
0001111001001101
0001111001001100
0001111001000100
0001111001000101
0001111001000111
0001111001000110
0001111001000010
0001111001000011
0001111001000001
0001111001000000
0001111011000000
0001111011000001
0001111011000011
0001111011000010
0001111011000110
0001111011000111
1011010110100011
1011010110100001
1011010110100000
1011010111100000
1011010111100001
1011010111100011
1011010111100010
1011010111100110
1011010111100111
1011010111100101
1011010111100100
1011010111101100
1011010111101101
1011010111101111
1011010111101110
1011010111101010
1011010111101011
1011010111101001
1011010111101000
1011010111111000
0100110111000101
0100110111000100
0100110111001100
0100110111001101
0100110111001111
0100110111001110
0100110111001010
0100110111001011
0100110111001001
0100110111001000
0100110111011000
0100110111011001
0100110111011011
0100110111011010
0100110111011110
0100110111011111
0100110111011101
0100110111011100
0100110111010100
0100110111010101
0001101100001011
0001101100001001
0001101100001000
0001101100011000
0001101100011001
0001101100011011
0001101100011010
0001101100011110
0001101100011111
0001101100011101
0001101100011100
0001101100010100
0001101100010101
0001101100010111
0001101100010110
0001101100010010
0001101100010011
0001101100010001
0001101100010000
0001101100110000
1110110010110111
1110110010110101
1110110010110100
1110110010111100
1110110010111101
1110110010111111
1110110010111110
1110110010111010
1110110010111011
1110110010111001
1110110010111000
1110110010101000
1110110010101001
1110110010101011
1110110010101010
1110110010101110
1110110010101111
1110110010101101
1110110010101100
1110110010100100
0011010100101000
0011010100101001
0011010100101011
0011010100101010
0011010100101110
0011010100101111
0011010100101101
0011010100101100
0011010100100100
0011010100100101
0011010100100111
0011010100100110
0011010100100010
0011010100100011
0011010100100001
0011010100100000
0011010101100000
0011010101100001
0011010101100011
0011010101100010
1010000011011010
1010000011011110
1010000011011111
1010000011011101
1010000011011100
1010000011010100
1010000011010101
1010000011010111
1010000011010110
1010000011010010
1010000011010011
1010000011010001
1010000011010000
1010000011110000
1010000011110001
1010000011110011
1010000011110010
1010000011110110
1010000011110111
1010000011110101
0010010010110001
0010010010110000
0010010010010000
0010010010010001
0010010010010011
0010010010010010
0010010010010110
0010010010010111
0010010010010101
0010010010010100
0010010010011100
0010010010011101
0010010010011111
0010010010011110
0010010010011010
0010010010011011
0010010010011001
0010010010011000
0010010010001000
0010010010001001
1101111100011000
1101111100001000
1101111100001001
1101111100001011
1101111100001010
1101111100001110
1101111100001111
1101111100001101
1101111100001100
1101111100000100
1101111100000101
1101111100000111
1101111100000110
1101111100000010
1101111100000011
1101111100000001
1101111100000000
1101110100000000
1101110100000001
1101110100000011
0010111111001101
0010111111001100
0010111111000100
0010111111000101
0010111111000111
0010111111000110
0010111111000010
0010111111000011
0010111111000001
0010111111000000
0010111101000000
0010111101000001
0010111101000011
0010111101000010
0010111101000110
0010111101000111
0010111101000101
0010111101000100
0010111101001100
0010111101001101
1000111010111110
1000111010111111
1000111010111101
1000111010111100
1000111010110100
1000111010110101
1000111010110111
1000111010110110
1000111010110010
1000111010110011
1000111010110001
1000111010110000
1000111010010000
1000111010010001
1000111010010011
1000111010010010
1000111010010110
1000111010010111
1000111010010101
1000111010010100
1001010011110011
1001010011110001
1001010011110000
1001010011010000
1001010011010001
1001010011010011
1001010011010010
1001010011010110
1001010011010111
1001010011010101
1001010011010100
1001010011011100
1001010011011101
1001010011011111
1001010011011110
1001010011011010
1001010011011011
1001010011011001
1001010011011000
1001010011001000
0111111111100101
0111111111100100
0111111111101100
0111111111101101
0111111111101111
0111111111101110
0111111111101010
0111111111101011
0111111111101001
0111111111101000
0111111111111000
0111111111111001
0111111111111011
0111111111111010
0111111111111110
0111111111111111
0111111111111101
0111111111111100
0111111111110100
0111111111110101
1101100101011011
1101100101011010
1101100101011110
1101100101011111
1101100101011101
1101100101011100
1101100101010100
1101100101010101
1101100101010111
1101100101010110
1101100101010010
1101100101010011
1101100101010001
1101100101010000
1101100101110000
1101100101110001
1101100101110011
1101100101110010
1101100101110110
1101100101110111
0110001101110101
0110001101110111
0110001101110110
0110001101110010
0110001101110011
0110001101110001
0110001101110000
0110001101010000
0110001101010001
0110001101010011
0110001101010010
0110001101010110
0110001101010111
0110001101010101
0110001101010100
0110001101011100
0110001101011101
0110001101011111
0110001101011110
0110001101011010
0100001011110110
0100001011110111
0100001011110101
0100001011110100
0100001011111100
0100001011111101
0100001011111111
0100001011111110
0100001011111010
0100001011111011
0100001011111001
0100001011111000
0100001011101000
0100001011101001
0100001011101011
0100001011101010
0100001011101110
0100001011101111
0100001011101101
0100001011101100
1101011110111000
1101011110111001
1101011110111011
1101011110111010
1101011110111110
1101011110111111
1101011110111101
1101011110111100
1101011110110100
1101011110110101
1101011110110111
1101011110110110
1101011110110010
1101011110110011
1101011110110001
1101011110110000
1101011110010000
1101011110010001
1101011110010011
1101011110010010
0000010011011110
0000010011011010
0000010011011011
0000010011011001
0000010011011000
0000010011001000
0000010011001001
0000010011001011
0000010011001010
0000010011001110
0000010011001111
0000010011001101
0000010011001100
0000010011000100
0000010011000101
0000010011000111
0000010011000110
0000010011000010
0000010011000011
0000010011000001
1111011000100000
1111011001100000
1111011001100001
1111011001100011
1111011001100010
1111011001100110
1111011001100111
1111011001100101
1111011001100100
1111011001101100
1111011001101101
1111011001101111
1111011001101110
1111011001101010
1111011001101011
1111011001101001
1111011001101000
1111011001111000
1111011001111001
1111011001111011
1011101010000010
1011101010000110
1011101010000111
1011101010000101
1011101010000100
1011101010001100
1011101010001101
1011101010001111
1011101010001110
1011101010001010
1011101010001011
1011101010001001
1011101010001000
1011101010011000
1011101010011001
1011101010011011
1011101010011010
1011101010011110
1011101010011111
1011101010011101
1110101011111110
1110101011111111
1110101011111101
1110101011111100
1110101011110100
1110101011110101
1110101011110111
1110101011110110
1110101011110010
1110101011110011
1110101011110001
1110101011110000
1110101011010000
1110101011010001
1110101011010011
1110101011010010
1110101011010110
1110101011010111
1110101011010101
1110101011010100
0000101000000101
0000101000000100
0000101000001100
0000101000001101
0000101000001111
0000101000001110
0000101000001010
0000101000001011
0000101000001001
0000101000001000
0000101000011000
0000101000011001
0000101000011011
0000101000011010
0000101000011110
0000101000011111
0000101000011101
0000101000011100
0000101000010100
0000101000010101
0101010011001101
0101010011001100
0101010011000100
0101010011000101
0101010011000111
0101010011000110
0101010011000010
0101010011000011
0101010011000001
0101010011000000
0101010001000000
0101010001000001
0101010001000011
0101010001000010
0101010001000110
0101010001000111
0101010001000101
0101010001000100
0101010001001100
0101010001001101
0001110000001111
0001110000001101
0001110000001100
0001110000000100
0001110000000101
0001110000000111
0001110000000110
0001110000000010
0001110000000011
0001110000000001
0001110000000000
0001010000000000
0001010000000001
0001010000000011
0001010000000010
0001010000000110
0001010000000111
0001010000000101
0001010000000100
0001010000001100
0100010110101010
0100010110101110
0100010110101111
0100010110101101
0100010110101100
0100010110100100
0100010110100101
0100010110100111
0100010110100110
0100010110100010
0100010110100011
0100010110100001
0100010110100000
0100010111100000
0100010111100001
0100010111100011
0100010111100010
0100010111100110
0100010111100111
0100010111100101
1110101001101000
1110101001101001
1110101001101011
1110101001101010
1110101001101110
1110101001101111
1110101001101101
1110101001101100
1110101001100100
1110101001100101
1110101001100111
1110101001100110
1110101001100010
1110101001100011
1110101001100001
1110101001100000
1110101000100000
1110101000100001
1110101000100011
1110101000100010
1101110111110000
1101110111110001
1101110111110011
1101110111110010
1101110111110110
1101110111110111
1101110111110101
1101110111110100
1101110111111100
1101110111111101
1101110111111111
1101110111111110
1101110111111010
1101110111111011
1101110111111001
1101110111111000
1101110111101000
1101110111101001
1101110111101011
1101110111101010
0001101111001010
0001101111001011
0001101111001001
0001101111001000
0001101111011000
0001101111011001
0001101111011011
0001101111011010
0001101111011110
0001101111011111
0001101111011101
0001101111011100
0001101111010100
0001101111010101
0001101111010111
0001101111010110
0001101111010010
0001101111010011
0001101111010001
0001101111010000
0010100011011010
0010100011011110
0010100011011111
0010100011011101
0010100011011100
0010100011010100
0010100011010101
0010100011010111
0010100011010110
0010100011010010
0010100011010011
0010100011010001
0010100011010000
0010100011110000
0010100011110001
0010100011110011
0010100011110010
0010100011110110
0010100011110111
0010100011110101
