0100000011110110
1011110101100010
0000001011000100
1010101101010100
1100110100000010
1110101101000110
1001110011100010
0111000000110101
1110001000010111
0001010001010111
1110100011101111
1001111101011101
0111001001110011
0100011001000111
1100101001100101
0100101101100100
1010111011010010
1101101110000111
1100110010111010
1100011100111001
0001111001001011
1011010110100011
0100110111000101
0001101100001011
1110110010110111
0011010100101000
1010000011011010
0010010010110001
1101111100011000
0010111111001101
1000111010111110
1001010011110011
0111111111100101
1101100101011011
0110001101110101
0100001011110110
1101011110111000
0000010011011110
1111011000100000
1011101010000010
1110101011111110
0000101000000101
0101010011001101
0001110000001111
0100010110101010
1110101001101000
1101110111110000
0001101111001010
0010100011011010
1111011000100011
0110100111011000
0000000000010110
1000001101000111
1000110100011011
1001111110100010
1100011110000001
0011101110111111
1110101010010001
0011011111101101
0000001010000110
1101110100011011
1110011111101100
1100111010011101
0100000011101110
0010010000111001
1000000010110111
1111101110011011
0110001000100111
1011011001010110
0111110110101101
1011010111111101
1001111101011001
1111110111111111
0010000011110011
1101010011101000
0000001010000100
0101000101101111
0101010111100010
0101000110011101
1100101010101001
0111010111000010
0100110100000011
0011101001110111
0101000011010010
0111010011110101
0010100000111000
0000111111010100
1101010010010101
1001010110110011
0001101100000101
0110101101111111
0101111101101010
0111101000100010
1011101011010001
0110110101011101
0010011101110111
0001111011001011
0111101111011001
1010110111011111
0001001100110110
0011001100101111
0101110111011000
1101000011000111
0110110110111111
1100110111111111
0111111001111101
1100110111011111
0111100101001100
0101011011101011
1100000000001001
1010100011110110
0011001101111110
0101000100000111
0100000101101100
1011010111110110
1110010100101110
1100101001010001
0111001100111100
0000011010000110
0100001111101001
0110000111011000
1000100010110010
0110100011000101
1110001111100000
1000101000110010
1010001001101010
0101101001101100
1101010011111110
1111100111000111
1011110101111100
1111011011101111
0001010100001011
1000111111000100
1001110001101111
0011110001011110
1101010011111100
0101100010111010
0101001110001100
1001100011111111
1000101010110100
1010111101101011
0111100100110011
0011100011001011
1000110100000001
0001101100010100
1100001101100100
1010001111100000
1011010111111011
0111001001100000
1100010010011110
1011011000101011
1110111111001100
1010110010101101
1010101000110100
1011110010100101
1101001111101010
0001101100101110
0011011011110111
0100100001111101
0111110100111001
1100110100110011
0010011101010001
1010010001110001
0101110110101001
0110001111101011
1010110110100100
0010101000000010
0100000101001110
0001010011100110
1111010011100110
1111011100100000
0001100011101111
0101100100101000
1111100101100101
1111101001101001
0000000100100010
0110011111001100
0011101100000101
1011101000100110
0010100111010010
1000010101000111
0111011100011010
1110110010011010
0100000111101010
0010000100001101
0101101110111001
0011000001001000
1111110010110101
0100101101100000
1100001110001010
0110111110000011
0110100110110101
1111011011011101
0010110100101000
0011110111110010
0100000101010101
1100000111101111
0110100100000011
0001110101101110
0010010100000111
0101000101010000
0010110010110011
1111110100110101
1101010000001000
0110000110011111
1001100001111100
0110100101011011
1001101000101111
0111101111011011
0000110101010100
1001010011101010
1001101111000011
1001100010111101
1110100011100111
1010011001000111
1001101000111010
1100111001011001
0001111001000100
0100110011001111
1011010110111000
1001101110011000
1000110100000010
1100001011011010
0110100000001101
1011100100001100
1001100011110111
0110100101011001
1110001000111011
0101001000011101
1100001011100000
1100000101010100
1010011000101111
0110000011011011
0101000100111011
0110111001000001
0011100100011111
1000100111111100
1010101001010011
1001100111111111
0011111010011011
1010101111000010
1010010101001111
0101100000011110
1001011100111000
1101101000001000
1110111000111000
1111100100100110
1011011101101001
0000101011111000
1011110101010011
1100011011010001
0111101011111100
0000100011000000
0100011100001000
1111110101010100
1000110101110110
0001100000010011
1001100010000111
1100111110011110
0100111001110000
0110000010000111
1100001110001001
1110000000001101
0101010111110000
1110100011001111
1000011111110000
1000100111010111
0101111101001011
1101111001100001
0101000100101010
1110111101110000
0101001110011010
0011101000011110
0101110100101001
0100011101010111
0011001111010000
0000101110110100
1100111100111011
1010000000110101
1110000110110010
0001001001101010
1011011110100100
0000101110100000
1010011010011101
1011010001111000
0010101001101111
0010000010100101
1011111101111011
1101010100001101
1111011011110101
1010011111001001
1110011001111100
1010001011000110
1100110100000011
1001010101011000
1110000000011000
1101010110110110
0110001010011110
0000011000110011
1001110111111110
0110100101110010
0011110101001000
0100011101110110
1101011100110011
1011010010111101
1100011111101001
0101111000101101
0000000101101000
1010100011100111
0100010011000001
1101110101001010
0001111011101000
0010011110010110
1000110000111011
1010011010011010
1101001011101000
1111100101111110
0110011010011110
1110001111101100
1000011001111100
1101010111001000
1010010011110010
1111001000111110
0100011011110010
1100100001111101
1010010000001000
0001100010000110
1001111001001000
0110111001111110
0100011101010111
1111100101011010
0000000101010111
0010100001100011
1001001011101101
0000111010101011
0001011000101010
1100011011010101
0001111111101001
0111010000001001
0001110111011010
1101011111100001
0101001011001101
0100110001001001
0110110001001010
1101001010100111
1000000000000010
0110100011100110
1101000100011011
1001100111111010
1110101001000000
0111000101101011
1110010000100111
1110110000101101
0011100110101101
0001011111001110
0010111010000011
1000010110101101
1100111111110001
1000110101110100
0101110111111011
1111101110000100
1001110110111101
0010000001011100
1000101101010010
0001010010110000
0101000110101000
1010011111110110
0001000011111100
1111111100101001
1111110111000101
1100111111111111
1001000001100000
1011101111111011
1111001111110011
0101010001010010
0111111000001100
1100100100000000
1001011001110111
0011010010011110
0011101100111001
1101111100100011
1101000011000001
0110011011111110
1001110010100010
0001110101001101
1111110011011110
0111101110101110
1110011010000010
0100001010100110
1011011000100110
0111000011101011
0101111100110010
0111100110100010
0101101110101001
1001001000010011
0111000100100010
1001000010000001
0000011110011101
0000110110100011
1101011110010111
1001111101001001
0100011001111010
1100111011000001
1110100000011011
1110111110100010
0011010111110110
1100000010100100
0110110101110100
0011011010110000
1010001001000101
1010111110011100
0001100001101100
1100010111111011
1000000010110100
1110100001000110
1111000101000111
1001000011110110
1100001011010000
0110000010100000
0001000110101000
0010000011101011
1000110011101110
0011000010001101
0001001100011101
1110111110111111
0011011001110010
1111010101110010
1101111110100100
0111100111011100
0010101001100011
1011011110101100
0110111100101111
1100000010001011
1010011110101010
1011100100000101
1000001111100010
1000000010011001
1100000110110011
1101000110111100
1001001100110010
1111111111010110
1001001001100111
0000100001111000
0110011001011111
0011110001001100
1110000001110100
1111100011110101
0010000100111011
1111001000011110
1010101111011101
0100100000001110
0001001111011001
0010100110111100
1011010001100100
1000101101110010
0111100111010110
0001011110010110
0100011111100111
1001100001010000
0100001100000010
1011011010100001
0001011011111100
0100001011010101
0110111001011111
0110111111000111
1101101001011001
0110110101101010
1110110011000001
0101110000010011
1001011100000010
1010000111000011
1111111010111111
1100101001111110
0001110101000001
1010001010110100
1000000010001101
0100000011100100
1110011111101111
0000011110000011
1010111111001100
1000011101111101
0100100110010001
1101110000011100
1110100000000011
1100100000100011
0010100101110001
1011100011000101
0111001111000100
0011000011001000
0001000000001001
0011010100110100
1001011010001011
0011010100010010
0001100100010000
0000100101100111
0101000000100100
0001010111110011
1010010010101101
0101001111101100
0000011001011000
1111011111110100
1000011011000111
0110110011111100
0010011001111110
1000010110111000
1011111110110011
1100000011010001
0010100001110101
1010111111111000
1001001001100010
1100111100010100
0111111010110010
0101000001110001
1001011111111000
1111111100101110
0100000100000101
1001101010110110
0101010101010101
1001110110000001
1100111000000010
0000011011100101
1111000001000001
0101100001100011
1101100100001101
0100101011111100
0001101101001101
0011010101010010
1011111000000111
1001010010000101
1000110001001110
1111000011011101
0000101000101010
0100000010100001
1000111001001100
0000111000010001
1000011000000111
0011100001000111
0101001111010001
0001100101001110
0110100011001110
0101111001000001
1101010100000110
0111011101111101
0101100001000101
1001011001110000
1011011010010100
0111110111011000
1110101000110001
1001001001011100
0000110100010110
0101101101010011
0000100000000100
0100100101111001
1000010101111011
1111011110010101
1010000110110100
0001001110011011
1101101001000011
0101110010011011
1011101101011011
1111100100111100
0000101000110100
0111001000100011
1011011000011010
1101001011001010
1011000101110010
1111001011110001
0001000001010110
1100110011000110
1010010000001010
0111000001101001
1101100101000001
1011001110001011
1010110100100111
1001000000110011
1111100111101000
1001101000101111
1001011101101010
0001110001000001
1111101100100001
1101101000011110
1011111000010011
0000110000010100
1000000010010010
0101010110110100
1111011101000111
0100110101010001
1100010010111101
1010000111110010
1011100001011111
1101110010001000
0000011011100001
0101111011010110
0011000000111110
1000100100011100
0000111110110010
0000001110000100
1000110111100001
1100000111110011
1111011010011101
1100000110111101
0110101010100110
1100010101010100
0100110001100111
1000101000100001
0111101100011010
0100110001110111
0001111100000001
0101011101101100
1000110011010000
1100001001001011
1010110001000101
0010111010111010
1111011010100001
1111111110010101
0001010011100111
0100010010100010
0000010100010010
0010111100101110
0010101000100110
1101000110111010
1001110111111001
1100101100010101
0011011001001111
1100010000110010
0011111001110000
0010010100011100
0110101110110001
0111100011101001
0110001010001110
0001010010101000
0111000010000010
1001000010101011
1000100101101000
0010101110011110
0100010011010110
0010000111010010
1101001011001110
1101101100101101
1010110000001010
0111111010000010
0001000100110011
1001011101001110
0101011001110111
0000111010111011
0110000011011000
0110011110001101
0000000011111011
1001111010100001
1000110110001011
1001011101100101
0001001000001000
1010001010111111
0110001010101100
0100111000101111
1000101101111100
0000011011011111
0101101100100100
1010000100111010
1010111111100010
0110111110011000
1111010000101010
0000101011011010
1101011001110100
1110111111000110
0101111000010100
0010001010001110
0110111011100101
0100011111000101
1111010111011110
0101110101101111
0000011101000111
1001000111100100
1010100101011101
0001011010011100
1111000101101111
0001001000010111
1100010101000110
0001001110010111
0011101101100110
1001100111010111
1101011100110010
0010101010111101
0100100110000100
0010000100001010
1111011001000110
1010000101000000
0100011111101011
0101101100000100
0111101100001000
1001100101111010
1011101011011111
1101000100100001
1111100101010101
1011010001010000
1011111010001001
0111000111100001
0011110101001011
1100011110101110
1011101010011110
0001110001101101
1011111011001100
1000111011000010
1100010101011101
0000011001111001
1001011011010110
1010011011111010
1110110000100001
0001010011100101
1111010011011101
1101100001100011
1101001011011010
1111101000010100
1111001001101101
0110111110011100
1011011110101011
1100011010000111
0101000110110010
1001010101011111
0000001100000011
1001111010100011
1010101001110010
1000000110001010
1011110010101101
0101101011111110
0000010011101000
1011001100001000
0100001111010110
0101110011111001
1111011010010001
1001011001011010
0110001011001100
0111110111001100
1101101101111001
1110101001010011
0110000110011101
0011111111010011
1010100101100101
0001011000000110
0001011101101101
1110110111110010
1010010010001001
0010110010111011
1100010011101011
1000001011101001
0001011010110000
1000010011010000
0111000010101100
1110001000100111
1010000001100000
1000111010000011
0111011111111001
1100110000010100
0000110001111011
0111100111010000
1111010010111010
1000111101101010
0001110000011110
1011000011011001
0100011000001000
1000010110101010
1001001111101000
1011111111111101
1011100111111110
0011110100100100
1011111000000010
0111000110111111
1101000111100010
1000011101101110
0001101011110110
1001000011101000
0001010001100110
1111111101100010
0111100010111110
0011101000100010
0011111010011110
1011101111101010
0010010110000100
1111001111011010
1100111001000110
1010011101000001
1010101010111101
0011101111110100
0001100111110110
1000110001101011
1101100111011001
1101101100100100
1011100100001010
1000101101100101
1111101110111111
1011101001010110
1110011101011111
1010110110011111
0110110110100011
1011010111011101
0110111001000011
0101011111001001
1100010011001111
0110100111001011
0001000001010100
1011101011000000
0100010110101010
1110100001100110
1000001010111010
1001000001110100
0000111011011001
0100100110000101
1001100010010000
1111111000001101
1011111000111011
1101100000000100
1001101100101001
1110100011011010
0110011100010001
1011101001001110
0001001110110000
1110010100110011
0001000001000101
0010001100010101
0101010100001001
0111100011110111
0001110100010111
0011001001111001
1100001110000010
0001110101101011
0011001010101111
0000001101111001
1101000100100110
0101001111100011
0001010001100100
1001101101100101
1011100001100001
0011001001011101
1001101101101010
0110001011101100
1011111111010111
1110100011101001
0101001001100011
1110011010001101
0001011100101010
1111100101110101
1100010000101000
0111000111001010
0111110100101101
0011010001011101
0000111000001100
0001011100100101
0010100110101101
0101010100110001
0010100011011111
1111101001010101
0001001111011000
1000100000110100
0111011101001001
0111101111010110
1001001100110010
1111111000001011
1011101111011110
1111100110001110
1011000000001101
1011100000010001
1101000011001110
1111001101010000
1101100001110001
0010000000000011
0011011110000110
1010100010001001
0111010001100111
0010100110100001
0100111010111000
0011100001011010
1001101000111101
0110011011101101
0011000000111111
0010000000110100
1111101110010101
0100101100110000
1110110110110000
1110110001101110
0110111110100010
0100111000110010
0111111000001011
0110011000101110
1011001011011001
1100000011011110
1111011010001000
1010100100110100
1110101111101000
0100000011000010
0111100111010001
1011111111100010
0101111001100110
0101111111000010
0101001000100101
1100010010111001
1100011110110011
0001000001011101
0110010110110100
0010100110010001
0110100101111000
1101011100001111
1010110010101010
1100100000001100
1010111111101111
0101100010001011
1011001101110110
0000101110000001
1010001100001011
0001010100010000
1011010001111110
1110010111001000
1111100001010100
1011110100000000
1011001011000110
0010100010001110
1100000110111110
1001110000001001
0110000101000011
0101101010101010
1100000101101000
0000111010111010
1100100101111110
0101111001000101
0111010000000010
1011000011100110
1110100010110110
1010001010010111
0011000111011101
0001011010001111
1010110001010000
0110101110001001
1000010111011010
0100010001010100
1001000101011011
1000011001000011
0101101101101101
0101111100011000
1001100010000111
1100111011100101
0110101111001010
1011000001111001
1001101000000000
0111100010011100
1010011000110001
0000111101100000
1000011100100011
1100011011110000
0111101110010110
0011010111011100
0001111000011110
1110111011101001
1100011100010001
0011110111010000
1001100011010001
1101011011011010
1100000001011011
0001011001001000
0101010011000011
1011011111101101
1111011100111000
0011010011010111
1100000100111000
0010000010011011
0110101011001001
0011111010101010
1010011100101100
0001110100100010
1010111000100100
0011100110001001
1001100110011011
1011011011101001
0011110001001011
0101111010001110
1010101010001010
0010100101001100
1100001010100111
1100000100010001
1101001000011001
0111001101011110
0111100001011111
1101111000001010
0101001100001010
1101000011110010
0000000010000110
1000110101111001
0000100101010101
0111101001100111
0100010000100100
0111001010101110
0110011011110010
0110111110011010
0101000001001110
0100000000010110
0000011100011101
0011000001100101
0100101100101001
0001100011100000
0000011010001101
0111100011100100
0000110110111001
