00000000
00000001
00000011
00000010
00000110
10110111
10110110
10110010
10110011
10110001
00010111
00010110
00010010
00010011
00010001
01000110
01000010
01000011
01000001
01000000
01010101
01010100
01011100
01011101
01011111
11000101
11000100
11001100
11001101
11001111
00111001
00111000
00101000
00101001
00101011
11110111
11110101
11110100
11111100
11111101
00100101
00100111
00100110
00100010
00100011
10111101
10111100
10110100
10110101
10110111
01000011
01000001
01000000
11000000
11000001
01010101
01010100
01011100
01011101
01011111
01111110
01111111
01111101
01111100
01110100
11100101
11100111
11100110
11100010
11100011
00000001
00000011
00000010
00000110
00000111
10111011
10111010
10111110
10111111
10111101
11100101
11100111
11100110
11100010
11100011
00111000
00101000
00101001
00101011
00101010
11001011
11001001
11001000
11011000
11011001
01110010
01110011
01110001
01110000
01010000
01111100
01110100
01110101
01110111
01110110
11000101
11000100
11001100
11001101
11001111
00011100
00010100
00010101
00010111
00010110
10000010
10000011
10000001
10000000
11000000
00010000
00110000
00110001
00110011
00110010
10110010
10110011
10110001
10110000
10010000
01111101
01111100
01110100
01110101
01110111
01111110
01111111
01111101
01111100
01110100
00011100
00010100
00010101
00010111
00010110
11000111
11000101
11000100
11001100
11001101
11111110
11111010
11111011
11111001
11111000
10101101
10101111
10101110
10101010
10101011
01100111
01100101
01100100
01101100
01101101
11010110
11010010
11010011
11010001
11010000
00110110
00110111
00110101
00110100
00111100
11010110
11010010
11010011
11010001
11010000
00110001
00110011
00110010
00110110
00110111
01011110
01011010
01011011
01011001
01011000
01001011
01001010
01001110
01001111
01001101
10010010
10010110
10010111
10010101
10010100
10111101
10111100
10110100
10110101
10110111
00001100
00001101
00001111
00001110
00001010
00011011
00011010
00011110
00011111
00011101
10110011
10110001
10110000
10010000
10010001
00001011
00001001
00001000
00011000
00011001
11111010
11111011
11111001
11111000
11101000
01010110
01010111
01010101
01010100
01011100
00101100
00100100
00100101
00100111
00100110
11010001
11010000
11110000
11110001
11110011
10100010
10100110
10100111
10100101
10100100
10010001
10010011
10010010
10010110
10010111
10110001
10110000
10010000
10010001
10010011
00010110
00010010
00010011
00010001
00010000
11000010
11000110
11000111
11000101
11000100
00001101
00001111
00001110
00001010
00001011
11111001
11111000
11101000
11101001
11101011
11000101
11000100
11001100
11001101
11001111
01111100
01110100
01110101
01110111
01110110
10111001
10111011
10111010
10111110
10111111
01011001
01011000
01001000
01001001
01001011
00000100
00001100
00001101
00001111
00001110
11111100
11111101
11111111
11111110
11111010
01001011
01001010
01001110
01001111
01001101
11110001
11110011
11110010
11110110
11110111
10101111
10101110
10101010
10101011
10101001
01010101
01010100
01011100
01011101
01011111
00110111
00110101
00110100
00111100
00111101
11100000
10100000
10100001
10100011
10100010
00001101
00001111
00001110
00001010
00001011
01001100
01000100
01000101
01000111
01000110
00110000
00110001
00110011
00110010
00110110
00101000
00101001
00101011
00101010
00101110
01110101
01110111
01110110
01110010
01110011
10000001
10000000
11000000
11000000
11000001
11010010
11010011
11010001
11010000
11110000
01101101
01101111
01101110
01101010
01101011
00001111
00001110
00001010
00001011
00001001
00011100
00010100
00010101
00010111
00010110
00110010
00110110
00110111
00110101
00110100
01001100
01000100
01000101
01000111
01000110
01110110
01110010
01110011
01110001
01110000
10111111
10111101
10111100
10110100
10110101
01000100
01000101
01000111
01000110
01000010
11000101
11000100
11001100
11001101
11001111
10000010
10000011
10000001
10000000
11000000
10000001
10000000
11000000
11000000
11000001
01110000
01010000
01010001
01010011
01010010
11110011
11110010
11110110
11110111
11110101
01000000
11000000
11000001
11000011
11000010
10100110
10100111
10100101
10100100
10101100
00010100
00010101
00010111
00010110
00010010
10001100
10000100
10000101
10000111
10000110
11101101
11101100
11100100
11100101
11100111
00011100
00010100
00010101
00010111
00010110
00101111
00101101
00101100
00100100
00100101
10110000
10010000
10010001
10010011
10010010
11011110
11011111
11011101
11011100
11010100
11110001
11110011
11110010
11110110
11110111
10010010
10010110
10010111
10010101
10010100
00101110
00101111
00101101
00101100
00100100
10000100
10000101
10000111
10000110
10000010
01111100
01110100
01110101
01110111
01110110
10110100
10110101
10110111
10110110
10110010
00010111
00010110
00010010
00010011
00010001
01001010
01001110
01001111
01001101
01001100
10110001
10110000
10010000
10010001
10010011
11111111
11111110
11111010
11111011
11111001
10001010
10001110
10001111
10001101
10001100
10110101
10110111
10110110
10110010
10110011
00011100
00010100
00010101
00010111
00010110
11001001
11001000
11011000
11011001
11011011
00111110
00111010
00111011
00111001
00111000
01001101
01001100
01000100
01000101
01000111
01110010
01110011
01110001
01110000
01010000
10100101
10100100
10101100
10101101
10101111
00101111
00101101
00101100
00100100
00100101
11000111
11000101
11000100
11001100
11001101
10011011
10011001
10011000
10001000
10001001
00101111
00101101
00101100
00100100
00100101
00000000
00000001
00000011
00000010
00000110
10101110
10101010
10101011
10101001
10101000
11101000
11101001
11101011
11101010
11101110
10101011
10101001
10101000
10111000
10111001
10101100
10101101
10101111
10101110
10101010
10000011
10000001
10000000
11000000
11000000
10111000
10111001
10111011
10111010
10111110
01001100
01000100
01000101
01000111
01000110
11101110
11101111
11101101
11101100
11100100
01100110
01100111
01100101
01100100
01101100
00101110
00101111
00101101
00101100
00100100
00111001
00111000
00101000
00101001
00101011
01110111
01110110
01110010
01110011
01110001
00001010
00001011
00001001
00001000
00011000
01011001
01011000
01001000
01001001
01001011
00101010
00101110
00101111
00101101
00101100
11011010
11011110
11011111
11011101
11011100
01100001
01100011
01100010
01100110
01100111
11010110
11010010
11010011
11010001
11010000
01110111
01110110
01110010
01110011
01110001
01100111
01100101
01100100
01101100
01101101
00010110
00010010
00010011
00010001
00010000
00010100
00010101
00010111
00010110
00010010
00111000
00101000
00101001
00101011
00101010
11110001
11110011
11110010
11110110
11110111
10001100
10000100
10000101
10000111
10000110
00111111
00111110
00111010
00111011
00111001
10101101
10101111
10101110
10101010
10101011
11000011
11000010
11000110
11000111
11000101
00111010
00111011
00111001
00111000
00101000
11010010
11010011
11010001
11010000
11110000
11010110
11010010
11010011
11010001
11010000
11111101
11111111
11111110
11111010
11111011
00111011
00111001
00111000
00101000
00101001
11011011
11011010
11011110
11011111
11011101
10001010
10001110
10001111
10001101
10001100
00011001
00011011
00011010
00011110
00011111
10011101
10011111
10011110
10011010
10011011
01100101
01100100
01101100
01101101
01101111
10101101
10101111
10101110
10101010
10101011
10100101
10100100
10101100
10101101
10101111
11000110
11000111
11000101
11000100
11001100
01010100
01011100
01011101
01011111
01011110
11010110
11010010
11010011
11010001
11010000
01011101
01011111
01011110
01011010
01011011
11010111
11010110
11010010
11010011
11010001
10001110
10001111
10001101
10001100
10000100
00000011
00000010
00000110
00000111
00000101
00101000
00101001
00101011
00101010
00101110
10001011
10001010
10001110
10001111
10001101
10111010
10111110
10111111
10111101
10111100
10011110
10011010
10011011
10011001
10011000
01010101
01010100
01011100
01011101
01011111
10100111
10100101
10100100
10101100
10101101
11010001
11010000
11110000
11110001
11110011
10001110
10001111
10001101
10001100
10000100
10000111
10000110
10000010
10000011
10000001
10100110
10100111
10100101
10100100
10101100
11100010
11100011
11100001
11100000
10100000
00110100
00111100
00111101
00111111
00111110
11010100
11010101
11010111
11010110
11010010
11011110
11011111
11011101
11011100
11010100
01000000
11000000
11000001
11000011
11000010
01011011
01011001
01011000
01001000
01001001
10101111
10101110
10101010
10101011
10101001
00101011
00101010
00101110
00101111
00101101
01100100
01101100
01101101
01101111
01101110
11010110
11010010
11010011
11010001
11010000
11011000
11011001
11011011
11011010
11011110
11000011
11000010
11000110
11000111
11000101
11101011
11101010
11101110
11101111
11101101
01001101
01001100
01000100
01000101
01000111
01101100
01101101
01101111
01101110
01101010
00111100
00111101
00111111
00111110
00111010
00100110
00100010
00100011
00100001
00100000
01010101
01010100
01011100
01011101
01011111
11000111
11000101
11000100
11001100
11001101
10010110
10010111
10010101
10010100
10011100
10101110
10101010
10101011
10101001
10101000
01111000
01111001
01111011
01111010
01111110
01010001
01010011
01010010
01010110
01010111
