000000000000000000
000000000000000100
000000000000001000
000000000000001100
000000000000010000
100000001010010011
100000001010001111
100000001010001011
100000001010000111
100000001010000011
110101101011110001
110101101011101101
110101101011101001
110101101011100101
110101101011100001
111111000111100010
111111000111100110
111111000111101010
111111000111101110
111111000111110010
110011011001100000
110011011001100100
110011011001101000
110011011001101100
110011011001110000
100010011111110000
100010011111110100
100010011111111000
100010011111111100
100010101111111101
101100100111101100
101100100111110000
101100100111110100
101100100111111000
101100100111111100
111010001011110000
111010001011110100
111010001011111000
111010001011111100
111010000011111101
101000000010011011
101000000010010111
101000000010010011
101000000010001111
101000000010001011
101111000001101000
101111000001101100
101111000001110000
101111000001110100
101111000001111000
000110001001101001
000110001001100101
000110001001100001
000110000110100000
000110000110100100
101100000100101001
101100000100100101
101100000100100001
101100001011100000
101100001011100100
111010100110100100
111010100110101000
111010100110101100
111010100110110000
111010100110110100
101000110101110110
101000110101111010
101000110101111110
101000111001111111
101000111001111011
011110111000010100
011110111000011000
011110111000011100
011110111000100000
011110111000100100
011100111011100111
011100111011100011
011100110100100010
011100110100100110
011100110100101010
011100100100011100
011100100100100000
011100100100100100
011100100100101000
011100100100101100
001101000110001110
001101000110010010
001101000110010110
001101000110011010
001101000110011110
100100100000010101
100100100000010001
100100100000001101
100100100000001001
100100100000000101
100010001101001100
100010001101010000
100010001101010100
100010001101011000
100010001101011100
100001011101000100
100001011101001000
100001011101001100
100001011101010000
100001011101010100
000101001000110101
000101001000110001
000101001000101101
000101001000101001
000101001000100101
001001100011110110
001001100011111010
001001100011111110
001001101011111111
001001101011111011
011101101000011000
011101101000011100
011101101000100000
011101101000100100
011101101000101000
000100100000110100
000100100000111000
000100100000111100
000100101110111101
000100101110111001
101101111101101001
101101111101100101
101101111101100001
101101110010100000
101101110010100100
001001100011000000
001001100011000100
001001100011001000
001001100011001100
001001100011010000
001111110110110011
001111110110101111
001111110110101011
001111110110100111
001111110110100011
001110000010000101
001110000010000001
001110001110000000
001110001110000100
001110001110001000
011010101110111110
011010100000111111
011010100000111011
011010100000110111
011010100000110011
110010101000100111
110010101000100011
110010100111100010
110010100111100110
110010100111101010
000010110010101111
000010110010101011
000010110010100111
000010110010100011
000010111101100010
000110000101110110
000110000101111010
000110000101111110
000110001001111111
000110001001111011
010101010100011000
010101010100011100
010101010100100000
010101010100100100
010101010100101000
100100011001001000
100100011001001100
100100011001010000
100100011001010100
100100011001011000
101111011010011011
101111011010010111
101111011010010011
101111011010001111
101111011010001011
011111001010010000
011111001010010100
011111001010011000
011111001010011100
011111001010100000
011001011101000010
011001011101000110
011001011101001010
011001011101001110
011001011101010010
000001111001010001
000001111001001101
000001111001001001
000001111001000101
000001111001000001
101001001100000001
101001000100000000
101001000100000100
101001000100001000
101001000100001100
001011000000001110
001011000000010010
001011000000010110
001011000000011010
001011000000011110
010011000101010010
010011000101010110
010011000101011010
010011000101011110
010011000101100010
000011001111100101
000011001111100001
000011000000100000
000011000000100100
000011000000101000
100110001000100111
100110001000100011
100110000111100010
100110000111100110
100110000111101010
111010000000101011
111010000000100111
111010000000100011
111010001111100010
111010001111100110
011110010011001100
011110010011010000
011110010011010100
011110010011011000
011110010011011100
101100111011000000
101100111011000100
101100111011001000
101100111011001100
101100111011010000
100101101010000000
100101101010000100
100101101010001000
100101101010001100
100101101010010000
000100101000110000
000100101000110100
000100101000111000
000100101000111100
000100100110111101
001100000110110001
001100000110101101
001100000110101001
001100000110100101
001100000110100001
101001000011110100
101001000011111000
101001000011111100
101001001011111101
101001001011111001
101100011001000010
101100011001000110
101100011001001010
101100011001001110
101100011001010010
000000001110010001
000000001110001101
000000001110001001
000000001110000101
000000001110000001
000000101000010110
000000101000011010
000000101000011110
000000101000100010
000000101000100110
000010011110110111
000010011110110011
000010011110101111
000010011110101011
000010011110100111
000101011100001110
000101011100010010
000101011100010110
000101011100011010
000101011100011110
100001010000000100
100001010000001000
100001010000001100
100001010000010000
100001010000010100
001011011101010101
001011011101010001
001011011101001101
001011011101001001
001011011101000101
010011001110000111
010011001110000011
010011000010000010
010011000010000110
010011000010001010
001001011011011001
001001011011010101
001001011011010001
001001011011001101
001001011011001001
000000111111101101
000000111111101001
000000111111100101
000000111111100001
000000110000100000
100101100001001000
100101100001001100
100101100001010000
100101100001010100
100101100001011000
101110101011011100
101110101011100000
101110101011100100
101110101011101000
101110101011101100
100010111110100101
100010111110100001
100010110001100000
100010110001100100
100010110001101000
100000000100101110
100000000100110010
100000000100110110
100000000100111010
100000000100111110
001110000010111000
001110000010111100
001110001100111101
001110001100111001
001110001100110101
000000000010010110
000000000010011010
000000000010011110
000000000010100010
000000000010100110
010100101110110111
010100101110110011
010100101110101111
010100101110101011
010100101110100111
010000111100010100
010000111100011000
010000111100011100
010000111100100000
010000111100100100
110110111001101100
110110111001110000
110110111001110100
110110111001111000
110110111001111100
010101101100100100
010101101100101000
010101101100101100
010101101100110000
010101101100110100
001001101010100111
001001101010100011
001001100101100010
001001100101100110
001001100101101010
111010100110111000
111010100110111100
111010101000111101
111010101000111001
111010101000110101
101010010101010100
101010010101011000
101010010101011100
101010010101100000
101010010101100100
001111110101110100
001111110101111000
001111110101111100
001111111001111101
001111111001111001
011001111011000010
011001111011000110
011001111011001010
011001111011001110
011001111011010010
000000111111100001
000000110000100000
000000110000100100
000000110000101000
000000110000101100
011000010100101001
011000010100100101
011000010100100001
011000011011100000
011000011011100100
011001101011110000
011001101011110100
011001101011111000
011001101011111100
011001100011111101
011000010001011000
011000010001011100
011000010001100000
011000010001100100
011000010001101000
011100111100111010
011100111100111110
011100110010111111
011100110010111011
011100110010110111
010110010111110000
010110010111110100
010110010111111000
010110010111111100
010110010111111101
100010011111110111
100010011111110011
100010011111101111
100010011111101011
100010011111100111
001011000101101000
001011000101101100
001011000101110000
001011000101110100
001011000101111000
011000001001110000
011000001001110100
011000001001111000
011000001001111100
011000000101111101
010110000101100101
010110000101100001
010110001010100000
010110001010100100
010110001010101000
001100000010111100
001100001100111101
001100001100111001
001100001100110101
001100001100110001
000010101001100000
000010101001100100
000010101001101000
000010101001101100
000010101001110000
100110000001100101
100110000001100001
100110001110100000
100110001110100100
100110001110101000
000110010010001011
000110010010000111
000110010010000011
000110011110000010
000110011110000110
000100101111100101
000100101111100001
000100100000100000
000100100000100100
000100100000101000
101100101010101010
101100101010101110
101100101010110010
101100101010110110
101100101010111010
011010100100110000
011010100100110100
011010100100111000
011010100100111100
011010101010111101
010100111100001100
010100111100010000
010100111100010100
010100111100011000
010100111100011100
110100110110000100
110100110110001000
110100110110001100
110100110110010000
110100110110010100
010010010110100101
010010010110100001
010010011001100000
010010011001100100
010010011001101000
110001010101101010
110001010101101110
110001010101110010
110001010101110110
110001010101111010
000101000111001001
000101000111000101
000101000111000001
000101001001000000
000101001001000100
010100101001000100
010100101001001000
010100101001001100
010100101001010000
010100101001010100
001101101001010111
001101101001010011
001101101001001111
001101101001001011
001101101001000111
000111011101101100
000111011101110000
000111011101110100
000111011101111000
000111011101111100
110111011100101011
110111011100100111
110111011100100011
110111010011100010
110111010011100110
011010010110111100
011010011000111101
011010011000111001
011010011000110101
011010011000110001
011000001000010111
011000001000010011
011000001000001111
011000001000001011
011000001000000111
010010011101010101
010010011101010001
010010011101001101
010010011101001001
010010011101000101
100010010101010100
100010010101011000
100010010101011100
100010010101100000
100010010101100100
101010110101011010
101010110101011110
101010110101100010
101010110101100110
101010110101101010
100010010110101000
100010010110101100
100010010110110000
100010010110110100
100010010110111000
010100010111011101
010100010111011001
010100010111010101
010100010111010001
010100010111001101
011001001011001000
011001001011001100
011001001011010000
011001001011010100
011001001011011000
100000000000111000
100000000000111100
100000001110111101
100000001110111001
100000001110110101
001100001010010011
001100001010001111
001100001010001011
001100001010000111
001100001010000011
001000101010101101
001000101010101001
001000101010100101
001000101010100001
001000100101100000
011000011111101000
011000011111101100
011000011111110000
011000011111110100
011000011111111000
100000011011011111
100000011011011011
100000011011010111
100000011011010011
100000011011001111
110110010101101100
110110010101110000
110110010101110100
110110010101111000
110110010101111100
101110011100101100
101110011100110000
101110011100110100
101110011100111000
101110011100111100
100011001001111001
100011001001110101
100011001001110001
100011001001101101
100011001001101001
010111011101011100
010111011101100000
010111011101100100
010111011101101000
010111011101101100
000001001111101100
000001001111110000
000001001111110100
000001001111111000
000001001111111100
100000100100111010
100000100100111110
100000101010111111
100000101010111011
100000101010110111
010000010110111100
010000011000111101
010000011000111001
010000011000110101
010000011000110001
111100001101110000
111100001101110100
111100001101111000
111100001101111100
111100000001111101
101100000111100110
101100000111101010
101100000111101110
101100000111110010
101100000111110110
101111011011111101
101111011011111001
101111011011110101
101111011011110001
101111011011101101
111100110010001101
111100110010001001
111100110010000101
111100110010000001
111100111110000000
110000111011001100
110000111011010000
110000111011010100
110000111011011000
110000111011011100
100100111011011111
100100111011011011
100100111011010111
100100111011010011
100100111011001111
100110001010101100
100110001010110000
100110001010110100
100110001010111000
100110001010111100
101011101000010100
101011101000011000
101011101000011100
101011101000100000
101011101000100100
110101101010100001
110101100101100000
110101100101100100
110101100101101000
110101100101101100
101001000100101001
101001000100100101
101001000100100001
101001001011100000
101001001011100100
111001101111001010
111001101111001110
111001101111010010
111001101111010110
111001101111011010
111101010111100000
111101010111100100
111101010111101000
111101010111101100
111101010111110000
111010000100101000
111010000100101100
111010000100110000
111010000100110100
111010000100111000
001010000110101100
001010000110110000
001010000110110100
001010000110111000
001010000110111100
100110000101011101
100110000101011001
100110000101010101
100110000101010001
100110000101001101
100100001101001111
100100001101001011
100100001101000111
100100001101000011
100100000011000010
100111010000100011
100111011111100010
100111011111100110
100111011111101010
100111011111101110
111011111010101001
111011111010100101
111011111010100001
111011110101100000
111011110101100100
111100111101100001
111100110010100000
111100110010100100
111100110010101000
111100110010101100
110010100100110100
110010100100111000
110010100100111100
110010101010111101
110010101010111001
101011100010001011
101011100010000111
101011100010000011
101011101110000010
101011101110000110
001011110111001000
001011110111001100
001011110111010000
001011110111010100
001011110111011000
000010011111111011
000010011111110111
000010011111110011
000010011111101111
000010011111101011
000100100001100000
000100100001100100
000100100001101000
000100100001101100
000100100001110000
100000101011100001
100000100100100000
100000100100100100
100000100100101000
100000100100101100
110000100100000001
110000101100000000
110000101100000100
110000101100001000
110000101100001100
110110010101001000
110110010101001100
110110010101010000
110110010101010100
110110010101011000
010111000100000000
010111000100000100
010111000100001000
010111000100001100
010111000100010000
011110000001010010
011110000001010110
011110000001011010
011110000001011110
011110000001100010
110110110011001001
110110110011000101
110110110011000001
110110111101000000
110110111101000100
010010100111011110
010010100111100010
010010100111100110
010010100111101010
010010100111101110
110010001100100100
110010001100101000
110010001100101100
110010001100110000
110010001100110100
110011001101100001
110011000010100000
110011000010100100
110011000010101000
110011000010101100
110101110011100100
110101110011101000
110101110011101100
110101110011110000
110101110011110100
100111010100110000
100111010100110100
100111010100111000
100111010100111100
100111011010111101
111011011100101111
111011011100101011
111011011100100111
111011011100100011
111011010011100010
001001000101101001
001001000101100101
001001000101100001
001001001010100000
001001001010100100
011100001010100101
011100001010100001
011100000101100000
011100000101100100
011100000101101000
010101100010111000
010101100010111100
010101101100111101
010101101100111001
010101101100110101
011101101101110110
011101101101111010
011101101101111110
011101100001111111
011101100001111011
001110101001111001
001110101001110101
001110101001110001
001110101001101101
001110101001101001
001110000101111011
001110000101110111
001110000101110011
001110000101101111
001110000101101011
011010011100111001
011010011100110101
011010011100110001
011010011100101101
011010011100101001
010000101011001000
010000101011001100
010000101011010000
010000101011010100
010000101011011000
110010010011100000
110010010011100100
110010010011101000
110010010011101100
110010010011110000
110011001111110010
110011001111110110
110011001111111010
110011001111111110
110010111111111111
100000010111010010
100000010111010110
100000010111011010
100000010111011110
100000010111100010
000110001011101100
000110001011110000
000110001011110100
000110001011111000
000110001011111100
010110001011101111
010110001011101011
010110001011100111
010110001011100011
010110000100100010
010110101100000010
010110101100000110
010110101100001010
010110101100001110
010110101100010010
000100001011010100
000100001011011000
000100001011011100
000100001011100000
000100001011100100
100100010011000010
100100010011000110
100100010011001010
100100010011001110
100100010011010010
010100010100011010
010100010100011110
010100010100100010
010100010100100110
010100010100101010
010100110100111010
010100110100111110
010100111010111111
010100111010111011
010100111010110111
000000010011110001
000000010011101101
000000010011101001
000000010011100101
000000010011100001
010001011000100001
010001010111100000
010001010111100100
010001010111101000
010001010111101100
001011011111100100
001011011111101000
001011011111101100
001011011111110000
001011011111110100
001011001100010010
001011001100010110
001011001100011010
001011001100011110
001011001100100010
001100011001110001
001100011001101101
001100011001101001
001100011001100101
001100011001100001
111110011000010100
111110011000011000
111110011000011100
111110011000100000
111110011000100100
010110100001001100
010110100001010000
010110100001010100
010110100001011000
010110100001011100
010010000001001110
010010000001010010
010010000001010110
010010000001011010
010010000001011110
011111101011001100
011111101011010000
011111101011010100
011111101011011000
011111101011011100
001111101111011001
001111101111010101
001111101111010001
001111101111001101
001111101111001001
011011011101000101
011011011101000001
011011010011000000
011011010011000100
011011010011001000
001000000111000000
001000000111000100
001000000111001000
001000000111001100
001000000111010000
101010000010011001
101010000010010101
101010000010010001
101010000010001101
101010000010001001
100011010100000010
100011010100000110
100011010100001010
100011010100001110
100011010100010010
100000100000110001
100000100000101101
100000100000101001
100000100000100101
100000100000100001
010010100000001001
010010100000000101
010010100000000001
010010110000000000
010010110000000100
010011101101100100
010011101101101000
010011101101101100
010011101101110000
010011101101110100
010110111001011010
010110111001011110
010110111001100010
010110111001100110
010110111001101010
110010010011000010
110010010011000110
110010010011001010
110010010011001110
110010010011010010
001010010101110000
001010010101110100
001010010101111000
001010010101111100
001010011001111101
100000011001100111
100000011001100011
100000010110100010
100000010110100110
100000010110101010
100000010100101000
100000010100101100
100000010100110000
100000010100110100
100000010100111000
101100010000001010
101100010000001110
101100010000010010
101100010000010110
101100010000011010
111010010100101110
111010010100110010
111010010100110110
111010010100111010
111010010100111110
