000000000000000000
000000000000000100
000000000000001000
000000000000001100
000000000000010000
000000000000010100
000000000000011000
000000000000011100
000000000000100000
000000000000100100
000000000000101000
000000000000101100
000000000000110000
000000000000110100
000000000000111000
000000000000111100
000000001110111101
000000001110111001
000000001110110101
000000001110110001
100000001010010011
100000001010001111
100000001010001011
100000001010000111
100000001010000011
100000000110000010
100000000110000110
100000000110001010
100000000110001110
100000000110010010
100000000110010110
100000000110011010
100000000110011110
100000000110100010
100000000110100110
100000000110101010
100000000110101110
100000000110110010
100000000110110110
100000000110111010
110101100100001100
110101100100010000
110101100100010100
110101100100011000
110101100100011100
110101100100100000
110101100100100100
110101100100101000
110101100100101100
110101100100110000
110101100100110100
110101100100111000
110101100100111100
110101101010111101
110101101010111001
110101101010110101
110101101010110001
110101101010101101
110101101010101001
110101101010100101
111111000111100010
111111000111100110
111111000111101010
111111000111101110
111111000111110010
111111000111110110
111111000111111010
111111000111111110
111111000111111111
111111000111111011
111111000111110111
111111000111110011
111111000111101111
111111000111101011
111111000111100111
111111000111100011
111111001000100010
111111001000100110
111111001000101010
111111001000101110
110011011001100000
110011011001100100
110011011001101000
110011011001101100
110011011001110000
110011011001110100
110011011001111000
110011011001111100
110011010101111101
110011010101111001
110011010101110101
110011010101110001
110011010101101101
110011010101101001
110011010101100101
110011010101100001
110011011010100000
110011011010100100
110011011010101000
110011011010101100
100010010000001101
100010010000001001
100010010000000101
100010010000000001
100010100000000000
100010100000000100
100010100000001000
100010100000001100
100010100000010000
100010100000010100
100010100000011000
100010100000011100
100010100000100000
100010100000100100
100010100000101000
100010100000101100
100010100000110000
100010100000110100
100010100000111000
100010100000111100
101100100111101100
101100100111110000
101100100111110100
101100100111111000
101100100111111100
101100100111111101
101100100111111001
101100100111110101
101100100111110001
101100100111101101
101100100111101001
101100100111100101
101100100111100001
101100101000100000
101100101000100100
101100101000101000
101100101000101100
101100101000110000
101100101000110100
101100101000111000
111010001011110000
111010001011110100
111010001011111000
111010001011111100
111010000011111101
111010000011111001
111010000011110101
111010000011110001
111010000011101101
111010000011101001
111010000011100101
111010000011100001
111010001100100000
111010001100100100
111010001100101000
111010001100101100
111010001100110000
111010001100110100
111010001100111000
111010001100111100
101000001101100110
101000001101101010
101000001101101110
101000001101110010
101000001101110110
101000001101111010
101000001101111110
101000000001111111
101000000001111011
101000000001110111
101000000001110011
101000000001101111
101000000001101011
101000000001100111
101000000001100011
101000001110100010
101000001110100110
101000001110101010
101000001110101110
101000001110110010
101111001110010101
101111001110010001
101111001110001101
101111001110001001
101111001110000101
101111001110000001
101111000010000000
101111000010000100
101111000010001000
101111000010001100
101111000010010000
101111000010010100
101111000010011000
101111000010011100
101111000010100000
101111000010100100
101111000010101000
101111000010101100
101111000010110000
101111000010110100
000110000110010100
000110000110011000
000110000110011100
000110000110100000
000110000110100100
000110000110101000
000110000110101100
000110000110110000
000110000110110100
000110000110111000
000110000110111100
000110001000111101
000110001000111001
000110001000110101
000110001000110001
000110001000101101
000110001000101001
000110001000100101
000110001000100001
000110000111100000
101100000100101001
101100000100100101
101100000100100001
101100001011100000
101100001011100100
101100001011101000
101100001011101100
101100001011110000
101100001011110100
101100001011111000
101100001011111100
101100000011111101
101100000011111001
101100000011110101
101100000011110001
101100000011101101
101100000011101001
101100000011100101
101100000011100001
101100001100100000
111010100110100100
111010100110101000
111010100110101100
111010100110110000
111010100110110100
111010100110111000
111010100110111100
111010101000111101
111010101000111001
111010101000110101
111010101000110001
111010101000101101
111010101000101001
111010101000100101
111010101000100001
111010100111100000
111010100111100100
111010100111101000
111010100111101100
111010100111110000
101000110101110110
101000110101111010
101000110101111110
101000111001111111
101000111001111011
101000111001110111
101000111001110011
101000111001101111
101000111001101011
101000111001100111
101000111001100011
101000110110100010
101000110110100110
101000110110101010
101000110110101110
101000110110110010
101000110110110110
101000110110111010
101000110110111110
101000111000111111
011110111000010100
011110111000011000
011110111000011100
011110111000100000
011110111000100100
011110111000101000
011110111000101100
011110111000110000
011110111000110100
011110111000111000
011110111000111100
011110110110111101
011110110110111001
011110110110110101
011110110110110001
011110110110101101
011110110110101001
011110110110100101
011110110110100001
011110111001100000
011100111011100111
011100111011100011
011100110100100010
011100110100100110
011100110100101010
011100110100101110
011100110100110010
011100110100110110
011100110100111010
011100110100111110
011100111010111111
011100111010111011
011100111010110111
011100111010110011
011100111010101111
011100111010101011
011100111010100111
011100111010100011
011100110101100010
011100110101100110
011100100100011100
011100100100100000
011100100100100100
011100100100101000
011100100100101100
011100100100110000
011100100100110100
011100100100111000
011100100100111100
011100101010111101
011100101010111001
011100101010110101
011100101010110001
011100101010101101
011100101010101001
011100101010100101
011100101010100001
011100100101100000
011100100101100100
011100100101101000
001101000110001110
001101000110010010
001101000110010110
001101000110011010
001101000110011110
001101000110100010
001101000110100110
001101000110101010
001101000110101110
001101000110110010
001101000110110110
001101000110111010
001101000110111110
001101001000111111
001101001000111011
001101001000110111
001101001000110011
001101001000101111
001101001000101011
001101001000100111
100100100000010101
100100100000010001
100100100000001101
100100100000001001
100100100000000101
100100100000000001
100100110000000000
100100110000000100
100100110000001000
100100110000001100
100100110000010000
100100110000010100
100100110000011000
100100110000011100
100100110000100000
100100110000100100
100100110000101000
100100110000101100
100100110000110000
100100110000110100
100010000010110001
100010000010101101
100010000010101001
100010000010100101
100010000010100001
100010001101100000
100010001101100100
100010001101101000
100010001101101100
100010001101110000
100010001101110100
100010001101111000
100010001101111100
100010000001111101
100010000001111001
100010000001110101
100010000001110001
100010000001101101
100010000001101001
100010000001100101
100001011101000100
100001011101001000
100001011101001100
100001011101010000
100001011101010100
100001011101011000
100001011101011100
100001011101100000
100001011101100100
100001011101101000
100001011101101100
100001011101110000
100001011101110100
100001011101111000
100001011101111100
100001010001111101
100001010001111001
100001010001110101
100001010001110001
100001010001101101
000101000111001000
000101000111001100
000101000111010000
000101000111010100
000101000111011000
000101000111011100
000101000111100000
000101000111100100
000101000111101000
000101000111101100
000101000111110000
000101000111110100
000101000111111000
000101000111111100
000101000111111101
000101000111111001
000101000111110101
000101000111110001
000101000111101101
000101000111101001
001001100011110110
001001100011111010
001001100011111110
001001101011111111
001001101011111011
001001101011110111
001001101011110011
001001101011101111
001001101011101011
001001101011100111
001001101011100011
001001100100100010
001001100100100110
001001100100101010
001001100100101110
001001100100110010
001001100100110110
001001100100111010
001001100100111110
001001101010111111
011101101000011000
011101101000011100
011101101000100000
011101101000100100
011101101000101000
011101101000101100
011101101000110000
011101101000110100
011101101000111000
011101101000111100
011101100110111101
011101100110111001
011101100110110101
011101100110110001
011101100110101101
011101100110101001
011101100110100101
011101100110100001
011101101001100000
011101101001100100
000100100000110100
000100100000111000
000100100000111100
000100101110111101
000100101110111001
000100101110110101
000100101110110001
000100101110101101
000100101110101001
000100101110100101
000100101110100001
000100100001100000
000100100001100100
000100100001101000
000100100001101100
000100100001110000
000100100001110100
000100100001111000
000100100001111100
000100101101111101
101101111101101001
101101111101100101
101101111101100001
101101110010100000
101101110010100100
101101110010101000
101101110010101100
101101110010110000
101101110010110100
101101110010111000
101101110010111100
101101111100111101
101101111100111001
101101111100110101
101101111100110001
101101111100101101
101101111100101001
101101111100100101
101101111100100001
101101110011100000
001001100011000000
001001100011000100
001001100011001000
001001100011001100
001001100011010000
001001100011010100
001001100011011000
001001100011011100
001001100011100000
001001100011100100
001001100011101000
001001100011101100
001001100011110000
001001100011110100
001001100011111000
001001100011111100
001001101011111101
001001101011111001
001001101011110101
001001101011110001
001111110110110011
001111110110101111
001111110110101011
001111110110100111
001111110110100011
001111111001100010
001111111001100110
001111111001101010
001111111001101110
001111111001110010
001111111001110110
001111111001111010
001111111001111110
001111110101111111
001111110101111011
001111110101110111
001111110101110011
001111110101101111
001111110101101011
001111110101100111
001110001101111000
001110001101111100
001110000001111101
001110000001111001
001110000001110101
001110000001110001
001110000001101101
001110000001101001
001110000001100101
001110000001100001
001110001110100000
001110001110100100
001110001110101000
001110001110101100
001110001110110000
001110001110110100
001110001110111000
001110001110111100
001110000000111101
001110000000111001
011010101110111110
011010100000111111
011010100000111011
011010100000110111
011010100000110011
011010100000101111
011010100000101011
011010100000100111
011010100000100011
011010101111100010
011010101111100110
011010101111101010
011010101111101110
011010101111110010
011010101111110110
011010101111111010
011010101111111110
011010011111111111
011010011111111011
011010011111110111
001101010111011000
001101010111011100
001101010111100000
001101010111100100
001101010111101000
001101010111101100
001101010111110000
001101010111110100
001101010111111000
001101010111111100
001101010111111101
001101010111111001
001101010111110101
001101010111110001
001101010111101101
001101010111101001
001101010111100101
001101010111100001
001101011000100000
001101011000100100
111101000010101101
111101000010101001
111101000010100101
111101000010100001
111101001101100000
111101001101100100
111101001101101000
111101001101101100
111101001101110000
111101001101110100
111101001101111000
111101001101111100
111101000001111101
111101000001111001
111101000001110101
111101000001110001
111101000001101101
111101000001101001
111101000001100101
111101000001100001
111001110101110100
111001110101111000
111001110101111100
111001111001111101
111001111001111001
111001111001110101
111001111001110001
111001111001101101
111001111001101001
111001111001100101
111001111001100001
111001110110100000
111001110110100100
111001110110101000
111001110110101100
111001110110110000
111001110110110100
111001110110111000
111001110110111100
111001111000111101
010101010100011000
010101010100011100
010101010100100000
010101010100100100
010101010100101000
010101010100101100
010101010100110000
010101010100110100
010101010100111000
010101010100111100
010101011010111101
010101011010111001
010101011010110101
010101011010110001
010101011010101101
010101011010101001
010101011010100101
010101011010100001
010101010101100000
010101010101100100
100100010110110101
100100010110110001
100100010110101101
100100010110101001
100100010110100101
100100010110100001
100100011001100000
100100011001100100
100100011001101000
100100011001101100
100100011001110000
100100011001110100
100100011001111000
100100011001111100
100100010101111101
100100010101111001
100100010101110101
100100010101110001
100100010101101101
100100010101101001
101111010101100110
101111010101101010
101111010101101110
101111010101110010
101111010101110110
101111010101111010
101111010101111110
101111011001111111
101111011001111011
101111011001110111
101111011001110011
101111011001101111
101111011001101011
101111011001100111
101111011001100011
101111010110100010
101111010110100110
101111010110101010
101111010110101110
101111010110110010
011111001010010000
011111001010010100
011111001010011000
011111001010011100
011111001010100000
011111001010100100
011111001010101000
011111001010101100
011111001010110000
011111001010110100
011111001010111000
011111001010111100
011111000100111101
011111000100111001
011111000100110101
011111000100110001
011111000100101101
011111000100101001
011111000100100101
011111000100100001
011001011101000010
011001011101000110
011001011101001010
011001011101001110
011001011101010010
011001011101010110
011001011101011010
011001011101011110
011001011101100010
011001011101100110
011001011101101010
011001011101101110
011001011101110010
011001011101110110
011001011101111010
011001011101111110
011001010001111111
011001010001111011
011001010001110111
011001010001110011
000001111001010001
000001111001001101
000001111001001001
000001111001000101
000001111001000001
000001110111000000
000001110111000100
000001110111001000
000001110111001100
000001110111010000
000001110111010100
000001110111011000
000001110111011100
000001110111100000
000001110111100100
000001110111101000
000001110111101100
000001110111110000
000001110111110100
000001110111111000
101001000011111100
101001001011111101
101001001011111001
101001001011110101
101001001011110001
101001001011101101
101001001011101001
101001001011100101
101001001011100001
101001000100100000
101001000100100100
101001000100101000
101001000100101100
101001000100110000
101001000100110100
101001000100111000
101001000100111100
101001001010111101
101001001010111001
101001001010110101
001011001111110011
001011001111101111
001011001111101011
001011001111100111
001011001111100011
001011000000100010
001011000000100110
001011000000101010
001011000000101110
001011000000110010
001011000000110110
001011000000111010
001011000000111110
001011001110111111
001011001110111011
001011001110110111
001011001110110011
001011001110101111
001011001110101011
001011001110100111
010011001010101111
010011001010101011
010011001010100111
010011001010100011
010011000101100010
010011000101100110
010011000101101010
010011000101101110
010011000101110010
010011000101110110
010011000101111010
010011000101111110
010011001001111111
010011001001111011
010011001001110111
010011001001110011
010011001001101111
010011001001101011
010011001001100111
010011001001100011
000011001111100101
000011001111100001
000011000000100000
000011000000100100
000011000000101000
000011000000101100
000011000000110000
000011000000110100
000011000000111000
000011000000111100
000011001110111101
000011001110111001
000011001110110101
000011001110110001
000011001110101101
000011001110101001
000011001110100101
000011001110100001
000011000001100000
000011000001100100
100110001000100111
100110001000100011
100110000111100010
100110000111100110
100110000111101010
100110000111101110
100110000111110010
100110000111110110
100110000111111010
100110000111111110
100110000111111111
100110000111111011
100110000111110111
100110000111110011
100110000111101111
100110000111101011
100110000111100111
100110000111100011
100110001000100010
100110001000100110
111010000000101011
111010000000100111
111010000000100011
111010001111100010
111010001111100110
111010001111101010
111010001111101110
111010001111110010
111010001111110110
111010001111111010
111010001111111110
000110001111111101
000110001111111001
000110001111110101
000110001111110001
000110001111101101
000110001111101001
000110001111100101
000110001111100001
000110000000100000
011110011100110001
011110011100101101
011110011100101001
011110011100100101
011110011100100001
011110010011100000
011110010011100100
011110010011101000
011110010011101100
011110010011110000
011110010011110100
011110010011111000
011110010011111100
011110011011111101
011110011011111001
011110011011110101
011110011011110001
011110011011101101
011110011011101001
011110011011100101
101100111011000000
101100111011000100
101100111011001000
101100111011001100
101100111011010000
101100111011010100
101100111011011000
101100111011011100
101100111011100000
101100111011100100
101100111011101000
101100111011101100
101100111011110000
101100111011110100
101100111011111000
101100111011111100
101100110011111101
101100110011111001
101100110011110101
101100110011110001
100101101010000000
100101101010000100
100101101010001000
100101101010001100
100101101010010000
100101101010010100
100101101010011000
100101101010011100
100101101010100000
100101101010100100
100101101010101000
100101101010101100
100101101010110000
100101101010110100
100101101010111000
100101101010111100
100101100100111101
100101100100111001
100101100100110101
100101100100110001
000100101000110000
000100101000110100
000100101000111000
000100101000111100
000100100110111101
000100100110111001
000100100110110101
000100100110110001
000100100110101101
000100100110101001
000100100110100101
000100100110100001
000100101001100000
000100101001100100
000100101001101000
000100101001101100
000100101001110000
000100101001110100
000100101001111000
000100101001111100
001100001001001100
001100001001010000
001100001001010100
001100001001011000
001100001001011100
001100001001100000
001100001001100100
001100001001101000
001100001001101100
001100001001110000
001100001001110100
001100001001111000
001100001001111100
001100000101111101
001100000101111001
001100000101110101
001100000101110001
001100000101101101
001100000101101001
001100000101100101
