0000000000
0000000100
0000001000
0000001100
0000101101
0010101010
0010101110
0010001111
0010001011
0010111010
0001101000
0001101100
0001001101
0001001001
0001111000
0111101100
0111001101
0111001001
0111111000
0111111100
0110011000
0110011100
0110011101
0110011001
0110101000
0111011010
0111011110
0111011111
0111011011
0111101010
0010111000
0010111100
0011111101
0011111001
0011001000
1010101001
1010011000
1010011100
1010011101
1010011001
0011011001
0011101000
0011101100
0011001101
0011001001
0010011010
0010011110
0010011111
0010011011
0010101010
0111001001
0111111000
0111111100
0111111111
0111111011
0110011000
0110011100
0110011101
0110011001
0110101000
0101101101
0101101001
0101011000
0101011100
0101011101
0100011011
0100101010
0100101110
0100001111
0100001011
0000000100
0000001000
0000001100
0000101101
0000101001
0010001010
0010001110
0010101111
0010101011
0010011010
1011011001
1011101000
1011101100
1011001101
1011001001
0010000001
0011000000
0011000100
0011001000
0011001100
0111001011
0111111010
0111111110
0110111111
0110111011
0101110000
0101110100
0101111000
0101111100
0110111101
0101011100
0101011101
0101011001
0101101000
0101101100
0111100111
0111100011
0111100010
0111100110
0111101010
0001100001
0001100000
0001100100
0001101000
0001101100
0000001111
0000001011
0000111010
0000111110
1000111101
0001111100
0010111101
0010111001
0010001000
0010001100
0010001111
0010001011
0010111010
0010111110
1110111101
1010011010
1010011110
1010011111
1010011011
1010101010
1010101111
1010101011
1010011010
1010011110
1010011111
1110011110
1110011111
1110011011
1110101010
1110101110
1000101001
1000011000
1000011100
1000011101
1000011001
1010010001
1010110000
1010110100
1010111000
1010111100
1100100100
1100101000
1100101100
1100001101
1100001001
0100101001
0100011000
0100011100
0100011101
0100011001
0110010011
0110110010
0110110110
0110111010
0110111110
0010101101
0010101001
0010011000
0010011100
0010011101
0110101110
0110001111
0110001011
0110111010
0110111110
0010111001
0010001000
0010001100
0010101101
0010101001
0110101100
0110001101
0110001001
0110111000
0110111100
0111110101
0111110001
0111010000
0111010100
0111011000
1110001100
1110101101
1110101001
1110011000
1110011100
1101011000
1101011100
1101011101
1101011001
1101101000
1111100010
1111100110
1111101010
1111101110
1111001111
1110001010
1110001110
1110101111
1110101011
1110011010
1101001001
1101111000
1101111100
1110111101
1110111001
1111110110
1111111010
1111111110
1110111111
1110111011
1010110000
1010110100
1010111000
1010111100
1011111101
1001101111
1001101011
1001011010
1001011110
1001011111
0011011100
0011011101
0011011001
0011101000
0011101100
1001111000
1001111100
1010111101
1010111001
1010001000
1100001100
1100101101
1100101001
1100011000
1100011100
1110000100
1110001000
1110001100
1110101101
1110101001
1101111000
1101111100
1110111101
1110111001
1110001000
1110101110
1110001111
1110001011
1110111010
1110111110
1000001100
1000101101
1000101001
1000011000
1000011100
0000011001
0000101000
0000101100
0000001101
0000001001
1010111000
1010111100
1011111101
1011111001
1011001000
1000011000
1000011100
1000011101
1000011001
1000101000
1010100011
1010100010
1010100110
1010101010
1010101110
0010000110
0010001010
0010001110
0010101111
0010101011
0110111000
0110111100
0111111101
0111111001
0111001000
1111011110
1111011111
1111011011
1111101010
1111101110
1010100000
1010100100
1010101000
1010101100
1010001101
1000001010
1000001110
1000101111
1000101011
1000011010
1010111001
1010001000
1010001100
1010101101
1010101001
1100101000
1100101100
1100001101
1100001001
1100111000
0110011000
0110011100
0110011101
0110011001
0110101000
0010101001
0010011000
0010011100
0010011101
0010011001
1011111100
0011111111
0011111011
0011001010
0011001110
0000100100
0000101000
0000101100
0000001101
0000001001
1000011110
1000011111
1000011011
1000101010
1000101110
0010111101
0010111001
0010001000
0010001100
0010101101
0011111101
0011111001
0011001000
0011001100
0011101101
0101100100
0101101000
0101101100
0101001101
0101001001
1111111000
1111111100
0111111111
0111111111
0111111011
0110110010
0110110110
0110111010
0110111110
1010111101
1011100110
1011101010
1011101110
1011001111
1011001011
1111101010
1111101110
1111001111
1111001011
1111111010
1110011110
1110011111
1110011011
1110101010
1110101110
0010001100
0010101101
0010101001
0010011000
0010011100
0111011100
0111011101
0111011001
0111101000
0111101100
0101101100
0101001101
0101001001
0101111000
0101111100
1101010100
1101011000
1101011100
1101011101
1101011001
0111011101
0111011001
0111101000
0111101100
0111001101
0111011010
0111011110
0111011111
0111011011
0111101010
1111110000
1111110100
1111111000
1111111100
0111111111
1111111000
1111111100
0111111111
0111111111
0111111011
0101111100
0110111101
0110111001
0110001000
0110001100
1010001000
1010001100
1010101101
1010101001
1010011000
1000111110
1000111101
1000111001
1000001000
1000001100
1100101101
1100101001
1100011000
1100011100
1100011101
1110011111
1110011011
1110101010
1110101110
1110001111
1111011100
1111011101
1111011001
1111101000
1111101100
1011100101
1011100001
1011100000
1011100100
1011101000
0001100001
0001100000
0001100100
0001101000
0001101100
0011101001
0011011000
0011011100
0011011101
0011011001
0010111110
1110111101
1110111001
1110001000
1110001100
0110101111
0110101011
0110011010
0110011110
0110011111
1010000100
1010001000
1010001100
1010101101
1010101001
1110001100
1110101101
1110101001
1110011000
1110011100
1100010010
1100010110
1100011010
1100011110
1100011111
1111011101
1111011001
1111101000
1111101100
1111001101
0101011100
0101011101
0101011001
0101101000
0101101100
1101100000
1101100100
1101101000
1101101100
1101001101
0001101000
0001101100
0001001101
0001001001
0001111000
0111110001
0111010000
0111010100
0111011000
0111011100
1101111000
1101111100
1110111101
1110111001
1110001000
1010101000
1010101100
1010001101
1010001001
1010111000
1111110001
1111010000
1111010100
1111011000
1111011100
1101011001
1101101000
1101101100
1101001101
1101001001
0001011100
0001011101
0001011001
0001101000
0001101100
1000111000
1000111100
1001111101
1001111001
1001001000
1101101110
1101001111
1101001011
1101111010
1101111110
0111011000
0111011100
0111011101
0111011001
0111101000
0101110000
0101110100
0101111000
0101111100
0110111101
1100011000
1100011100
1100011101
1100011001
1100101000
1100101011
1100011010
1100011110
1100011111
1100011011
1000010100
1000011000
1000011100
1000011101
1000011001
1110001001
1110111000
1110111100
1111111101
1111111001
0011101001
0011011000
0011011100
0011011101
0011011001
0000000000
0000000100
0000001000
0000001100
0000101101
1100101100
1100001101
1100001001
1100111000
1100111100
0100111111
0100111011
0100001010
0100001110
0100101111
1100110100
1100111000
1100111100
1101111101
1101111001
1100100000
1100100100
1100101000
1100101100
1100001101
1111001001
1111111000
1111111100
0111111111
0111111111
1101111101
1101111001
1101001000
1101001100
1101101101
0111011100
0111011101
0111011001
0111101000
0111101100
1011101101
1011101001
1011011000
1011011100
1011011101
1011010010
1011010110
1011011010
1011011110
1011011111
0011010000
0011010100
0011011000
0011011100
0011011101
0010111000
0010111100
0011111101
0011111001
0011001000
0101101000
0101101100
0101001101
0101001001
0101111000
0000110000
0000110100
0000111000
0000111100
0001111101
1001111010
1001111110
1000111111
1000111011
1000001010
1100001110
1100101111
1100101011
1100011010
1100011110
1001001100
1001101101
1001101001
1001011000
1001011100
1011000110
1011001010
1011001110
1011101111
1011101011
1001101100
1001001101
1001001001
1001111000
1001111100
0101101000
0101101100
0101001101
0101001001
0101111000
0100101001
0100011000
0100011100
0100011101
0100011001
0001010001
0001110000
0001110100
0001111000
0001111100
0001011101
0001011001
0001101000
0001101100
0001001101
0010111100
0011111101
0011111001
0011001000
0011001100
1010000100
1010001000
1010001100
1010101101
1010101001
1111100001
1111100000
1111100100
1111101000
1111101100
1101101010
1101101110
1101001111
1101001011
1101111010
1100011001
1100101000
1100101100
1100001101
1100001001
1000001000
1000001100
1000101101
1000101001
1000011000
0010110000
0010110100
0010111000
0010111100
0011111101
1001110000
1001110100
1001111000
1001111100
1010111101
1001101100
1001001101
1001001001
1001111000
1001111100
1010100100
1010101000
1010101100
1010001101
1010001001
0010001001
0010111000
0010111100
0011111101
0011111001
1001001000
1001001100
1001101101
1001101001
1001011000
1111001100
1111101101
1111101001
1111011000
1111011100
1110000110
1110001010
1110001110
1110101111
1110101011
1110100100
1110101000
1110101100
1110001101
1110001001
0100011000
0100011100
0100011101
0100011001
0100101000
1100100100
1100101000
1100101100
1100001101
1100001001
1100011000
1100011100
1100011101
1100011001
1100101000
1000101101
1000101001
1000011000
1000011100
1000011101
1001011110
1001011111
1001011011
1001101010
1001101110
1001101100
1001001101
1001001001
1001111000
1001111100
1001100110
1001101010
1001101110
1001001111
1001001011
1001101000
1001101100
1001001101
1001001001
1001111000
1111010000
1111010100
1111011000
1111011100
1111011101
1111001010
1111001110
1111101111
1111101011
1111011010
0011000000
0011000100
0011001000
0011001100
0011101101
1111001000
1111001100
1111101101
1111101001
1111011000
1101001100
1101101101
1101101001
1101011000
1101011100
1110101100
1110001101
1110001001
1110111000
1110111100
0110011000
0110011100
0110011101
0110011001
0110101000
1100101001
1100011000
1100011100
1100011101
1100011001
1001111000
1001111100
1010111101
1010111001
1010001000
1111010000
1111010100
1111011000
1111011100
1111011101
1111010101
1111010001
1111110000
1111110100
1111111000
1100010000
1100010100
1100011000
1100011100
1100011101
0100001111
0100001011
0100111010
0100111110
1100111101
1101011110
1101011111
1101011011
1101101010
1101101110
1001100000
1001100100
1001101000
1001101100
1001001101
1001101101
1001101001
1001011000
1001011100
1001011101
1000111110
1000111101
1000111001
1000001000
1000001100
1001001011
1001111010
1001111110
1000111111
1000111011
1100101000
1100101100
1100001101
1100001001
1100111000
1100001010
1100001110
1100101111
1100101011
1100011010
0100011100
0100011101
0100011001
0100101000
0100101100
0110101110
0110001111
0110001011
0110111010
0110111110
0110111111
0110111011
0110001010
0110001110
0110101111
0111001010
0111001110
0111101111
0111101011
0111011010
1011001000
1011001100
1011101101
1011101001
1011011000
0111011000
0111011100
0111011101
0111011001
0111101000
0100100000
0100100100
0100101000
0100101100
0100001101
0010011101
0010011001
0010101000
0010101100
0010001101
0011101100
0011001101
0011001001
0011111000
0011111100
0110011000
0110011100
0110011101
0110011001
0110101000
0111101011
0111011010
0111011110
0111011111
0111011011
1110010000
1110010100
1110011000
1110011100
1110011101
1100101100
1100001101
1100001001
1100111000
1100111100
0101111101
0101111001
0101001000
0101001100
0101101101
0110000100
0110001000
0110001100
0110101101
0110101001
