000000000000000000
000000000000000100
000000000000001000
000000000000001100
000000000000010000
000000000000010100
000000000000011000
000000000000011100
000000000000100000
000000000000100100
000000000000101000
000000000000101100
000000000000110000
000000000000110100
000000000000111000
000000000000111100
000000001110111101
000000001110111001
000000001110110101
000000001110110001
000000001110101101
000000001110101001
000000001110100101
000000001110100001
000000000001100000
000000000001100100
000000000001101000
000000000001101100
000000000001110000
000000000001110100
000000000001111000
000000000001111100
000000001101111101
000000001101111001
000000001101110101
000000001101110001
000000001101101101
000000001101101001
000000001101100101
000000001101100001
000000000010100000
000000000010100100
000000000010101000
000000000010101100
000000000010110000
000000000010110100
000000000010111000
000000000010111100
000000001100111101
000000001100111001
000000001100110101
000000001100110001
000000001100101101
000000001100101001
000000001100100101
000000001100100001
000000000011100000
000000000011100100
000000000011101000
000000000011101100
110000010000001000
110000010000001100
110000010000010000
110000010000010100
110000010000011000
110000010000011100
110000010000100000
110000010000100100
110000010000101000
110000010000101100
110000010000110000
110000010000110100
110000010000111000
110000010000111100
110000011110111101
110000011110111001
110000011110110101
110000011110110001
110000011110101101
110000011110101001
110000011110100101
110000011110100001
110000010001100000
110000010001100100
110000010001101000
110000010001101100
110000010001110000
110000010001110100
110000010001111000
110000010001111100
110000011101111101
110000011101111001
110000011101110101
110000011101110001
110000011101101101
110000011101101001
110000011101100101
110000011101100001
110000010010100000
110000010010100100
110000010010101000
110000010010101100
110000010010110000
110000010010110100
110000010010111000
110000010010111100
110000011100111101
110000011100111001
110000011100110101
110000011100110001
110000011100101101
110000011100101001
110000011100100101
110000011100100001
110000010011100000
110000010011100100
110000010011101000
110000010011101100
110000010011110000
110000010011110100
110111010000101110
110111010000110010
110111010000110110
110111010000111010
110111010000111110
110111011110111111
110111011110111011
110111011110110111
110111011110110011
110111011110101111
110111011110101011
110111011110100111
110111011110100011
110111010001100010
110111010001100110
110111010001101010
110111010001101110
110111010001110010
110111010001110110
110111010001111010
110111010001111110
110111011101111111
110111011101111011
110111011101110111
110111011101110011
110111011101101111
110111011101101011
110111011101100111
110111011101100011
110111010010100010
110111010010100110
110111010010101010
110111010010101110
110111010010110010
110111010010110110
110111010010111010
110111010010111110
110111011100111111
110111011100111011
110111011100110111
110111011100110011
110111011100101111
110111011100101011
110111011100100111
110111011100100011
110111010011100010
110111010011100110
110111010011101010
110111010011101110
110111010011110010
110111010011110110
110111010011111010
110111010011111110
110111011011111111
110111011011111011
110111011011110111
110111011011110011
110111011011101111
110111011011101011
110111011011100111
100100010000100100
100100010000101000
100100010000101100
100100010000110000
100100010000110100
100100010000111000
100100010000111100
100100011110111101
100100011110111001
100100011110110101
100100011110110001
100100011110101101
100100011110101001
100100011110100101
100100011110100001
100100010001100000
100100010001100100
100100010001101000
100100010001101100
100100010001110000
100100010001110100
100100010001111000
100100010001111100
100100011101111101
100100011101111001
100100011101110101
100100011101110001
100100011101101101
100100011101101001
100100011101100101
100100011101100001
100100010010100000
100100010010100100
100100010010101000
100100010010101100
100100010010110000
100100010010110100
100100010010111000
100100010010111100
100100011100111101
100100011100111001
100100011100110101
100100011100110001
100100011100101101
100100011100101001
100100011100100101
100100011100100001
100100010011100000
100100010011100100
100100010011101000
100100010011101100
100100010011110000
100100010011110100
100100010011111000
100100010011111100
100100011011111101
100100011011111001
100100011011110101
100100011011110001
100100011011101101
100101000111100000
100101000111100100
100101000111101000
100101000111101100
100101000111110000
100101000111110100
100101000111111000
100101000111111100
100101000111111101
100101000111111001
100101000111110101
100101000111110001
100101000111101101
100101000111101001
100101000111100101
100101000111100001
100101001000100000
100101001000100100
100101001000101000
100101001000101100
100101001000110000
100101001000110100
100101001000111000
100101001000111100
100101000110111101
100101000110111001
100101000110110101
100101000110110001
100101000110101101
100101000110101001
100101000110100101
100101000110100001
100101001001100000
100101001001100100
100101001001101000
100101001001101100
100101001001110000
100101001001110100
100101001001111000
100101001001111100
100101000101111101
100101000101111001
100101000101110101
100101000101110001
100101000101101101
100101000101101001
100101000101100101
100101000101100001
100101001010100000
100101001010100100
100101001010101000
100101001010101100
100101001010110000
100101001010110100
100101001010111000
100101001010111100
100101000100111101
100101000100111001
100101000100110101
100101000100110001
000001010100111001
000001010100110101
000001010100110001
000001010100101101
000001010100101001
000001010100100101
000001010100100001
000001011011100000
000001011011100100
000001011011101000
000001011011101100
000001011011110000
000001011011110100
000001011011111000
000001011011111100
000001010011111101
000001010011111001
000001010011110101
000001010011110001
000001010011101101
000001010011101001
000001010011100101
000001010011100001
000001011100100000
000001011100100100
000001011100101000
000001011100101100
000001011100110000
000001011100110100
000001011100111000
000001011100111100
000001010010111101
000001010010111001
000001010010110101
000001010010110001
000001010010101101
000001010010101001
000001010010100101
000001010010100001
000001011101100000
000001011101100100
000001011101101000
000001011101101100
000001011101110000
000001011101110100
000001011101111000
000001011101111100
000001010001111101
000001010001111001
000001010001110101
000001010001110001
000001010001101101
000001010001101001
000001010001100101
000001010001100001
000001011110100000
000001011110100100
000001011110101000
000001011110101100
000001011110110000
101010010100101000
101010010100101100
101010010100110000
101010010100110100
101010010100111000
101010010100111100
101010011010111101
101010011010111001
101010011010110101
101010011010110001
101010011010101101
101010011010101001
101010011010100101
101010011010100001
101010010101100000
101010010101100100
101010010101101000
101010010101101100
101010010101110000
101010010101110100
101010010101111000
101010010101111100
101010011001111101
101010011001111001
101010011001110101
101010011001110001
101010011001101101
101010011001101001
101010011001100101
101010011001100001
101010010110100000
101010010110100100
101010010110101000
101010010110101100
101010010110110000
101010010110110100
101010010110111000
101010010110111100
101010011000111101
101010011000111001
101010011000110101
101010011000110001
101010011000101101
101010011000101001
101010011000100101
101010011000100001
101010010111100000
101010010111100100
101010010111101000
101010010111101100
101010010111110000
101010010111110100
101010010111111000
101010010111111100
101010010111111101
101010010111111001
101010010111110101
101010010111110001
101010010111101101
101010010111101001
011111011001101000
011111011001101100
011111011001110000
011111011001110100
011111011001111000
011111011001111100
011111010101111101
011111010101111001
011111010101110101
011111010101110001
011111010101101101
011111010101101001
011111010101100101
011111010101100001
011111011010100000
011111011010100100
011111011010101000
011111011010101100
011111011010110000
011111011010110100
011111011010111000
011111011010111100
011111010100111101
011111010100111001
011111010100110101
011111010100110001
011111010100101101
011111010100101001
011111010100100101
011111010100100001
011111011011100000
011111011011100100
011111011011101000
011111011011101100
011111011011110000
011111011011110100
011111011011111000
011111011011111100
011111010011111101
011111010011111001
011111010011110101
011111010011110001
011111010011101101
011111010011101001
011111010011100101
011111010011100001
011111011100100000
011111011100100100
011111011100101000
011111011100101100
011111011100110000
011111011100110100
011111011100111000
011111011100111100
011111010010111101
011111010010111001
011111010010110101
011111010010110001
011111010010101101
011111010010101001
001111111011110010
001111111011110110
001111111011111010
001111111011111110
001111110011111111
001111110011111011
001111110011110111
001111110011110011
001111110011101111
001111110011101011
001111110011100111
001111110011100011
001111111100100010
001111111100100110
001111111100101010
001111111100101110
001111111100110010
001111111100110110
001111111100111010
001111111100111110
001111110010111111
001111110010111011
001111110010110111
001111110010110011
001111110010101111
001111110010101011
001111110010100111
001111110010100011
001111111101100010
001111111101100110
001111111101101010
001111111101101110
001111111101110010
001111111101110110
001111111101111010
001111111101111110
001111110001111111
001111110001111011
001111110001110111
001111110001110011
001111110001101111
001111110001101011
001111110001100111
001111110001100011
001111111110100010
001111111110100110
001111111110101010
001111111110101110
001111111110110010
001111111110110110
001111111110111010
001111111110111110
001111110000111111
001111110000111011
001111110000110111
001111110000110011
001111110000101111
001111110000101011
001111110000100111
001111110000100011
001111010101000110
001111010101001010
001111010101001110
001111010101010010
001111010101010110
001111010101011010
001111010101011110
001111010101100010
001111010101100110
001111010101101010
001111010101101110
001111010101110010
001111010101110110
001111010101111010
001111010101111110
001111011001111111
001111011001111011
001111011001110111
001111011001110011
001111011001101111
001111011001101011
001111011001100111
001111011001100011
001111010110100010
001111010110100110
001111010110101010
001111010110101110
001111010110110010
001111010110110110
001111010110111010
001111010110111110
001111011000111111
001111011000111011
001111011000110111
001111011000110011
001111011000101111
001111011000101011
001111011000100111
001111011000100011
001111010111100010
001111010111100110
001111010111101010
001111010111101110
001111010111110010
001111010111110110
001111010111111010
001111010111111110
001111010111111111
001111010111111011
001111010111110111
001111010111110011
001111010111101111
001111010111101011
001111010111100111
001111010111100011
001111011000100010
001111011000100110
001111011000101010
001111011000101110
001111011000110010
000101001010100001
000101000101100000
000101000101100100
000101000101101000
000101000101101100
000101000101110000
000101000101110100
000101000101111000
000101000101111100
000101001001111101
000101001001111001
000101001001110101
000101001001110001
000101001001101101
000101001001101001
000101001001100101
000101001001100001
000101000110100000
000101000110100100
000101000110101000
000101000110101100
000101000110110000
000101000110110100
000101000110111000
000101000110111100
000101001000111101
000101001000111001
000101001000110101
000101001000110001
000101001000101101
000101001000101001
000101001000100101
000101001000100001
000101000111100000
000101000111100100
000101000111101000
000101000111101100
000101000111110000
000101000111110100
000101000111111000
000101000111111100
000101000111111101
000101000111111001
000101000111110101
000101000111110001
000101000111101101
000101000111101001
000101000111100101
000101000111100001
000101001000100000
000101001000100100
000101001000101000
000101001000101100
000101001000110000
000101001000110100
000101001000111000
000101001000111100
000101000110111101
000101000110111001
000101000110110101
100001010110010010
100001010110010110
100001010110011010
100001010110011110
100001010110100010
100001010110100110
100001010110101010
100001010110101110
100001010110110010
100001010110110110
100001010110111010
100001010110111110
100001011000111111
100001011000111011
100001011000110111
100001011000110011
100001011000101111
100001011000101011
100001011000100111
100001011000100011
100001010111100010
100001010111100110
100001010111101010
100001010111101110
100001010111110010
100001010111110110
100001010111111010
100001010111111110
100001010111111111
100001010111111011
100001010111110111
100001010111110011
100001010111101111
100001010111101011
100001010111100111
100001010111100011
100001011000100010
100001011000100110
100001011000101010
100001011000101110
100001011000110010
100001011000110110
100001011000111010
100001011000111110
100001010110111111
100001010110111011
100001010110110111
100001010110110011
100001010110101111
100001010110101011
100001010110100111
100001010110100011
100001011001100010
100001011001100110
100001011001101010
100001011001101110
100001011001110010
100001011001110110
100001011001111010
100001011001111110
100101100011101110
100101100011110010
100101100011110110
100101100011111010
100101100011111110
100101101011111111
100101101011111011
100101101011110111
100101101011110011
100101101011101111
100101101011101011
100101101011100111
100101101011100011
100101100100100010
100101100100100110
100101100100101010
100101100100101110
100101100100110010
100101100100110110
100101100100111010
100101100100111110
100101101010111111
100101101010111011
100101101010110111
100101101010110011
100101101010101111
100101101010101011
100101101010100111
100101101010100011
100101100101100010
100101100101100110
100101100101101010
100101100101101110
100101100101110010
100101100101110110
100101100101111010
100101100101111110
100101101001111111
100101101001111011
100101101001110111
100101101001110011
100101101001101111
100101101001101011
100101101001100111
100101101001100011
100101100110100010
100101100110100110
100101100110101010
100101100110101110
100101100110110010
100101100110110110
100101100110111010
100101100110111110
100101101000111111
100101101000111011
100101101000110111
100101101000110011
100101101000101111
100101101000101011
100101101000100111
101001101011100011
101001100100100010
101001100100100110
101001100100101010
101001100100101110
101001100100110010
101001100100110110
101001100100111010
101001100100111110
101001101010111111
101001101010111011
101001101010110111
101001101010110011
101001101010101111
101001101010101011
101001101010100111
101001101010100011
101001100101100010
101001100101100110
101001100101101010
101001100101101110
101001100101110010
101001100101110110
101001100101111010
101001100101111110
101001101001111111
101001101001111011
101001101001110111
101001101001110011
101001101001101111
101001101001101011
101001101001100111
101001101001100011
101001100110100010
101001100110100110
101001100110101010
101001100110101110
101001100110110010
101001100110110110
101001100110111010
101001100110111110
101001101000111111
101001101000111011
101001101000110111
101001101000110011
101001101000101111
101001101000101011
101001101000100111
101001101000100011
101001100111100010
101001100111100110
101001100111101010
101001100111101110
101001100111110010
101001100111110110
101001100111111010
101001100111111110
101001100111111111
101001100111111011
101001100111110111
101001001101010010
101001001101010110
101001001101011010
101001001101011110
101001001101100010
101001001101100110
101001001101101010
101001001101101110
101001001101110010
101001001101110110
101001001101111010
101001001101111110
101001000001111111
101001000001111011
101001000001110111
101001000001110011
101001000001101111
101001000001101011
101001000001100111
101001000001100011
101001001110100010
101001001110100110
101001001110101010
101001001110101110
101001001110110010
101001001110110110
101001001110111010
101001001110111110
101001000000111111
101001000000111011
101001000000110111
101001000000110011
101001000000101111
101001000000101011
101001000000100111
101001000000100011
101001001111100010
101001001111100110
101001001111101010
101001001111101110
101001001111110010
101001001111110110
101001001111111010
101001001111111110
101000111111111111
101000111111111011
101000111111110111
101000111111110011
101000111111101111
101000111111101011
101000111111100111
101000111111100011
101000110000100010
101000110000100110
101000110000101010
101000110000101110
101000110000110010
101000110000110110
101000110000111010
101000110000111110
011001110010111001
011001110010110101
011001110010110001
011001110010101101
011001110010101001
011001110010100101
011001110010100001
011001111101100000
011001111101100100
011001111101101000
011001111101101100
011001111101110000
011001111101110100
011001111101111000
011001111101111100
011001110001111101
011001110001111001
011001110001110101
011001110001110001
011001110001101101
011001110001101001
011001110001100101
011001110001100001
011001111110100000
011001111110100100
011001111110101000
011001111110101100
011001111110110000
011001111110110100
011001111110111000
011001111110111100
011001110000111101
011001110000111001
011001110000110101
011001110000110001
011001110000101101
011001110000101001
011001110000100101
011001110000100001
011001111111100000
011001111111100100
011001111111101000
011001111111101100
011001111111110000
011001111111110100
011001111111111000
011001111111111100
011010001111111101
011010001111111001
011010001111110101
011010001111110001
011010001111101101
011010001111101001
011010001111100101
011010001111100001
011010000000100000
011010000000100100
011010000000101000
011010000000101100
011010000000110000
011011010101110000
011011010101110100
011011010101111000
011011010101111100
011011011001111101
011011011001111001
011011011001110101
011011011001110001
011011011001101101
011011011001101001
011011011001100101
011011011001100001
011011010110100000
011011010110100100
011011010110101000
011011010110101100
011011010110110000
011011010110110100
011011010110111000
011011010110111100
011011011000111101
011011011000111001
011011011000110101
011011011000110001
011011011000101101
011011011000101001
011011011000100101
011011011000100001
011011010111100000
011011010111100100
011011010111101000
011011010111101100
011011010111110000
011011010111110100
011011010111111000
011011010111111100
011011010111111101
011011010111111001
011011010111110101
011011010111110001
