011111110101101100
110101100100001100
111111001000011111
110011010110011101
100010010000001101
010011010111101110
111010000100001101
101000001101100110
101111000001101000
000110001001101001
101100000100101001
111010100110100100
101000110101110110
011110111000010100
011100110100011010
011100100100011100
001101000110001110
100100101111101000
100010001101001100
100001011101000100
000101000111001000
001001101100001011
011101101000011000
000100100000110100
101101110010010100
001001100011000000
001111111001001110
001110001101111000
011010101110111110
110010100111011010
000010111101010010
000110000101110110
010101010100011000
100100011001001000
101111011010011011
011111001010010000
011001011101000010
000001111001010001
101001001100000001
001011000000001110
010011001010101111
000011001111100101
100110001000100111
111010000000101011
011110010011001100
101100111011000000
100101101010000000
000100101000110000
001100000110110001
101001000011110100
101100010110111111
000000000001101100
000000100111101011
000010010001001010
000101011100001110
100001010000000100
001011010010101000
010011000001111010
001001011011011001
000000110000010000
100101100001001000
101110101011011100
100010110001011000
100000001011010011
001110000010111000
000000000010010110
010100101110110111
010000111100010100
110110110110010001
010101100011011001
001001100101011010
111010100110111000
101010011010101001
001111111010001001
011001111011000010
000000111111100001
011000011011010100
011001101011110000
011000010001011000
011100111100111010
010110010111110000
100010011111110111
001011001010010101
011000001001110000
010110001010011000
001100000010111100
000010100110011101
100110001110011000
000110010010001011
000100100000011000
101100101010101010
011010101011001101
010100111100001100
110100110110000100
010010010110100101
110001010101101010
000101000111001001
010100100110111001
001101100110101010
000111011101101100
110111011100101011
011010010110111100
011000000111101010
010010010010101000
100010011010101001
101010111010100111
100010010110101000
010100011000100000
011001001011001000
100000001111000101
001100000101101110
001000100101010000
011000010000010101
100000010100100010
110110010101101100
101110011100101100
100011000110000100
010111010010100001
000001000000010001
100000100100111010
010000010110111100
111100000010001101
101100000111100110
101111010100000000
111100111101110000
110000110100110001
100100110100100010
100110000101010001
101011101000010100
110101100101011100
101001001011010100
111001101111001010
111101010111100000
111010000100101000
001010000110101100
100110001010100000
100100000010110010
100111010000100011
111011111010101001
111100110010011100
110010100100110100
101011101101110110
001011111000110101
000010010000000110
000100100001100000
100000101011100001
110000101011111100
110110011010110101
010111001011111101
011110001110101111
110110111100110100
010010101000100011
110010001100100100
110011001101100001
110101110011100100
100111011011001101
111011010011010010
001001001010010100
011100001010100101
010101100010111000
011101100010001011
001110100110000100
001110001010000110
011010010011000100
010000101011001000
110010010011100000
110011001111110010
011111100111010000
000110000100010001
010110000100010010
010110101100000010
000100000100101001
100100011100111111
010100010100011010
010100110100111010
000000011100001100
010001010111011100
001011011111100100
001011000011101111
001100010110001100
111110010111101001
010110100001001100
010010000001001110
011111101011001100
001111101111011001
011011010010111000
001000001000111101
101010001101100100
100011010100000010
100000100000110001
010010100000001001
010011100010011001
010110111001011010
110010010011000010
001010010101110000
100000010110011010
100000010100101000
101100010000001010
111010010100101110
001110011111101000
011000011001111100
001101111101110101
010101101101100110
011001111111000011
010000011110101001
000100001010100010
101100010110110110
000100110011010110
010100100110110101
111101100110011111
111001110100110000
111011010111110100
111011110010100100
010011111011101010
110001000111101000
111011000010110000
011101000110111011
000101000111100000
011101110111010100
001001100010111110
000100101110111111
111101101111110001
011111000110110010
010011111111011000
001011101111011110
111011111010010101
010011101001000101
010000111101001011
011000110001011001
100000110100000000
100000011001100000
110001001100101001
010000001001001000
011000011101001000
010010111000000100
001011100001010100
000011100101011110
110011000110001000
111011101010101000
001010110001001000
001100101000001111
001110011000101011
011011111110101100
111001010010111101
011011000000111111
101101000010111100
101011100011101100
110110101011000101
111100111010111110
110101101001110101
100001001001111000
101011000101011110
000011110111111100
100001010000111110
101010010110011101
000010010101101110
000100000001110100
000100000000010110
100010100001010001
100010110101111110
101111111111101010
011111011111000110
101111111111011000
100110011010000010
101100001000101000
111110101010000000
111100010110010100
100101010111001010
100101000100000100
100111101100110010
101101011010000000
100111011110110010
001011001110101101
011010011100111000
011110101001101001
001000101001111100
111100100010011110
100010100010110100
110000000010011000
010000010010001111
111000111011001111
110110101100011100
111100101100000011
110001001110100100
110110001010111101
110011001011010110
110000000011100110
110101011010110100
100110010000100101
010110110101100111
001110100111000110
101110110101011101
110000110111101100
100010011111110100
000110010110111110
101111111110111100
100110011101101101
101111001110101111
000001000010001000
000101101010101111
010011101010001101
110101101000111110
011110100101101100
100110101101110101
110110001101011000
011110100100111010
011010111100100100
000000010100111101
001100000100010110
011110001000000100
011010011000110011
111010111011000010
001110101110010000
000010001101001010
110001000001001101
100111001011000000
101011100101010000
101110110001010011
101111010100100000
111110111010100000
100110010111000000
001110000101110010
010111001101010010
011110110101110000
011100000101011011
001110001111000010
000100001111101100
000101001000111110
101101001010101110
100001011001101011
101011101001001101
111111101001101010
110011110100001010
111000110100100100
000010111100110101
000110111100110000
011110111001100110
111010101011000111
010110001111000101
000101101001001100
100110101011111000
100111000111011010
100010000111000111
010010000111001100
100111000011101001
111111111111110000
010011110100010000
100111100001001000
111011100101001101
010011000111111111
010111100100110100
010001111100010111
101101111100100100
001011101100100100
000110101000101100
001101000000001001
000001100011011010
100010100101111001
000010010101100010
011010010101001000
101011010000011100
111010010010100100
110000000110100011
111100100110001100
111001110010000011
011000010011000000
110001011010010001
111000001010100011
101010100011000100
101010010111100100
100010100101010101
111000000100000000
110100100101001001
101000101010001000
011001110110001101
010101001111011101
011100011111111111
111001000101101000
001001110001010000
001011011101000100
100101011100001000
100111111000000101
101110111010101110
111010001100001100
111010011000100111
101010001001010000
101011010011010011
101110111111110001
100000111100010010
110110111100010000
010111110100110100
011010101101110001
101011100011110010
011011010011000100
111000110001110101
101000010011110010
111000001111111000
111110100001011010
111101100011110110
100110101110010100
111010100111000100
011110110101001101
100010110111111000
010011110001001010
010010100011110010
001001101010010000
100000001100011100
010010011010011100
110110111101111110
110000111000011000
110010100001011101
111011111011011111
100001101010110100
000000000010011110
101100000111101100
101000010111101001
111000000101101101
100000111001111101
010000000011111101
111000011100111110
110000000100110110
000010000100101110
001000000000100101
111000101110100110
010010100010101010
110110111010001111
010110011010001111
100101011100011101
010100011001011101
001100111011110100
001001010011011111
101101010011010110
100000000000110101
110001011100110001
110100011111100100
111111011011110001
111111111110111001
011111100010001010
100111100010100001
000111010010001110
010101011001101110
000111001011101010
000011111010111100
010001000110101000
001010000111011100
010000001010011110
010100001010011011
110000010010110110
101000111110101100
001100100110100110
011100000000101100
111000100110111010
110011100010100010
110110001011100001
111100100101110000
010100010110010000
000110101110010000
011110100100010101
111011110110000001
011111011111110000
110110110011111000
000110110101011100
100000110110011011
010010110110101001
010010100111101001
011011000110111011
010010010100110001
010010000111111010
011010000001110100
111001011111110000
110000010111110100
101010111101010101
100011000101010000
000101100111111000
001111000010011110
111111110000100100
011111110100011100
101110100100101001
111110100000001010
110010101000100000
111110101010100101
011100011110000101
011010001110100010
101100001111110101
011100000011110111
001100011010000100
110100001000011000
010111011000011101
110111111000111110
000111110000111001
001001100010011100
111001000000110101
001001100001110000
111011100001111111
000011100100010100
100111111100011111
000110010101110100
001110001100100111
011000100100100001
000001000110111100
101001011010011101
000001001000010111
010010001010100000
110001001010101110
000001100010111110
001010100010001010
100000000110000101
001100000101100100
001101010101000011
000111000100001111
100010101110011101
101010110010001111
100111111010000111
000110101010111111
101010101100101101
011111101111100101
111011001101101100
011001101001100101
000101100000000110
011101000000001111
000001000100011001
101000000111111000
100100001011110110
100100011111011000
011100110101011100
000100100111011000
001001100110001100
001010110000010110
111001110000011000
111101111000101100
010111111001011010
000011000011001100
100000000011111010
111101000111011100
111101001110000110
111110111111101000
001011110111101001
011000101001111000
111011101000101110
010011111000101101
011010111000000100
011001100000010011
010110100101011000
011011111000011000
111001001010000001
001001000001100010
010101101001000000
010011001101111010
000111001001011110
000010010001101101
011011011001110100
000011111111100000
100011101010111010
000001101010110110
101001010001100100
110000011101100001
111000100001001010
100100111000001000
100101110001001011
110100101001001001
010100011101011111
111100110010011110
101000110011110110
110110111110110000
100111001000110000
110111100101110000
010111000101111010
000111111001101100
011101110111101111
110001111111001100
010111111011000100
011011101000000110
001000100000110110
001101101100010110
000111111101110111
101011100100111101
111011001100101001
111001010100110001
111010000111111011
101011010011111001
011011000001010011
110101000001110100
111101110001100010
111111110001110000
011001101101100000
101001010111101001
100010010110000110
100001110010100100
110000011010001101
110100000110101000
100101110000111100
000001001011111000
100101001001101111
001000000010101100
111100011110100000
111101011101110010
111111011111100010
111101101011111000
011111101010001011
010110111110100110
011111100010100110
010011000011101101
100001100110011100
100010000100010111
000011001100000110
101011010001001110
100010000101101011
111010101111111010
100110101011011110
000010001001111111
100000111000110100
110010001000011001
110010111101001110
010110111100000110
010101011110011010
000110001011101000
011110000011110001
111110010001110010
001101010011010001
001100111100010000
011000011101001110
111010010101000100
100011010001100101
001001000111010100
100001111101110000
001010110101111101
001110010001011101
010011010010000100
010100001011000100
010000111111010001
111001110011000011
010111110000001100
000111110011001011
000011101011000010
001100100001010001
011110000110010001
001111100110001101
100111001000101100
100100101100100101
110010000000110000
010101001111110000
000111101101110101
000110101000101110
100110110101101010
000010111101001001
010000001001000000
010001010000100100
000000001010110100
000101000011111010
111101101111001000
111001011011100100
111000111111000011
110000111101010101
010000110011011100
100010110011010110
000011010101011110
000001001001010100
011011011100011100
110000011101001100
110010100100001101
010010101110111100
010110001100110010
000011000110110001
011001000101100011
101101010111101100
100101001110011110
001111001111010000
101101000100011010
100001011000011010
101001101001010000
100101101011010110
000001011000010100
111000010100011100
001100010110100110
000110111110100001
010111100100101011
000111000001101000
100001100111101100
111000100001101010
110100101011101110
111011101001101000
100110101101110001
001100111101011001
011100010000011100
110000010000110010
101001001000010001
110000011000000000
100001011011001010
011011011111100000
101011011111000011
111011100101001100
001011000110101010
100111100011111000
101011100110011000
001001110110000010
001010111111000110
101000010100000111
001010011000110100
100001011100101101
110100111110101101
000101110100100101
110101001000100000
111101001000001100
100001101001011001
000001001010111001
111001001001101100
110001000101001101
010010001100000110
000110001011100100
010110000110100110
100100000100001000
100111001001001100
101011000001100000
101000110100100101
101101011110100010
001001011100110110
100001000000010101
100111100010001110
111001100110101000
000000100000001000
000101001100001011
110011001010001101
111111101111001100
110101110011011000
100100110101010011
000001110100111100
001000100000111111
100000101001101111
100101111010111010
101001000001111001
111001000110110000
101111000111011110
101010010111011111
011011010101000110
010011001001110110
010000010001011000
110101011001110110
110011101011100101
111001001111101110
111001010100100110
101101100101110001
110001110000111000
001101110010110100
100001110100110100
000000110100111011
000110111101111101
000001111001111110
010111110011011100
010000110011101010
110000001011111101
111101001111110100
101001011010111010
100010001110011101
000010001010110101
010100011001111101
010110001101001111
000010101011001110
000101111110101100
110111110110111000
011110110000111101
111110010011001100
111000101011000000
001010101010100111
001011101010101111
001010011100011100
001010110000001110
101000010010101011
011000011011110010
000001011011010011
000100111010010001
000111111011000010
000110001011101101
101010101011110001
101011111101010010
001011000011110000
001010110001010000
001011010100110011
001110010000011100
010111011001001110
011101001000010010
110001011000000100
110011000010100101
001011010101100000
000100010101101100
000010000100110111
100100010110111000
100100100011100000
110100010000110001
111100100100011000
010100100010101010
110100111001101100
101110101001010101
001101100001010110
101101100011110110
001001100110100110
101101000111110111
011001010111000100
100001110111010100
010011100111001001
000111110110011101
110100110111111100
011110010011001100
101100001011101101
111111001101001100
111000000101100000
111101000110111010
011100010000011000
000100000001111110
010101000000100111
110101000010110100
100100000000011100
000100101100111010
101100000110110001
101110101110000110
110100111000101100
111000101101111111
010001101101110110
000111110111100101
001111010001100101
100110010000111010
010100000101101001
000101100001101000
001000111010111000
100000101111110000
000101100100110100
001000110011010100
000000100101000100
100111100011101100
100111011011110110
000110001011100001
000100101011100110
110100001011111001
110111001001011010
111011011011001100
101111001011011111
110101010110010100
101100001011000100
100111001011110110
101110110000100100
000110100011001100
101011100101100100
100001111100111100
101000011000110010
101010011100100111
001001110110100101
000010110000100001
000110100011100100
001100010011011000
100110010010000110
001100001001010100
101011001001100101
000111011001000001
000011111101100011
010110100111000100
010100100110010001
111000100010001100
101010111111001000
001011011001010010
101011101111010000
110111111111011000
110100000001111000
011000000111010010
101000100110000000
100100001010000101
110000001111110110
110110101111101111
110011111111000101
101001110100010110
001100011100000101
011101001101000000
110100001001001110
111011001101011001
010001001011011000
001000000010101000
110000000010011111
010100101110011011
011100100010000000
101101100010000001
101101111011010000
101101010011110011
011101001101110001
010101000000110100
010001000011010000
110111001001000100
100000001001010000
101001001111000000
110011101101100001
010011011011000010
011111110111110000
010100010110000100
110101010100001100
100101000100010011
100101010111110011
100111000011100111
100001110010111000
100001010010001000
000111111001011000
010001101101100000
110011100001111010
010011100101000000
100110100000101000
110010001100110000
100011110000100001
110010100100101001
011011110000110100
110111011010010000
000011010000000100
001111010000110110
000110010001111101
110110000101010000
101110010111000000
101011111001100000
001010010000000010
001000111000010010
001100001111010000
100000011101010001
111010001111000101
010000010111110101
011011001100110000
011111100100111111
111101000010110010
011100010101010010
011010111000011000
010110000000001100
110111110100010000
010011110010010011
110000111110010101
001000010110100100
000110110000101000
001101110110000010
101100101111000111
111110011001001101
011110001001100001
111000011001001000
111110111000001000
011011011011011000
011010100001000000
111011110000010100
100010110100011000
010011010111001100
110111110101000101
111011000000000000
101011111110100010
001110110010000110
000010100100000000
111110101100001001
011110111010000010
010100101110010000
001001100110100001
000101001110101101
101101001011000100
100001011110000100
001010010110000000
111011110110000100
100110110110110000
100000000110110100
111001001000111110
011001111000001001
001001011011011010
101001011101000000
001001111001101001
100000011101000000
110000000001001010
010011001000111000
110101001100110011
110001011100100000
111010011100001111
110010111100011100
110100011111000110
000100011110110110
110110110100111000
110101110111001010
100101001111010011
110011001111001100
110011100111011111
100000110011101000
100000010001111001
100111000001000100
010111011001010000
010100001001010101
100101000000110000
100111010000110010
100111110101110000
111111110000010011
111101100101000100
111100011001100111
010100111011101000
011110000011100000
010111000011010001
010001000101110001
010010101110110000
011000000111010000
100000001110010010
000001011110100100
001000001011100101
011100100011000100
000100001011111100
000001001111011000
010100001011100000
000010010010111000
