000000000000000000
000000000000000100
000000000000001000
000000000000001100
000000000000010000
000000000000010100
000000000000011000
000000000000011100
000000000000100000
000000000000100100
000000000000101000
000000000000101100
000000000000110000
000000000000110100
000000000000111000
000000000000111100
000000001110111101
000000001110111001
000000001110110101
000000001110110001
000000001110101101
000000001110101001
000000001110100101
000000001110100001
000000000001100000
000000000001100100
000000000001101000
000000000001101100
000000000001110000
000000000001110100
000000000001111000
000000000001111100
000000001101111101
000000001101111001
000000001101110101
000000001101110001
000000001101101101
000000001101101001
000000001101100101
000000001101100001
000000000010100000
000000000010100100
000000000010101000
000000000010101100
000000000010110000
000000000010110100
000000000010111000
000000000010111100
000000001100111101
000000001100111001
000000001100110101
000000001100110001
000000001100101101
000000001100101001
000000001100100101
000000001100100001
000000000011100000
000000000011100100
000000000011101000
000000000011101100
000000000011110000
000000000011110100
000000000011111000
000000000011111100
000000001011111101
000000001011111001
000000001011110101
000000001011110001
000000001011101101
000000001011101001
000000001011100101
000000001011100001
000000000100100000
000000000100100100
000000000100101000
000000000100101100
000000000100110000
000000000100110100
000000000100111000
000000000100111100
000000001010111101
000000001010111001
000000001010110101
000000001010110001
000000001010101101
000000001010101001
000000001010100101
000000001010100001
000000000101100000
000000000101100100
000000000101101000
000000000101101100
000000000101110000
000000000101110100
000000000101111000
000000000101111100
000000001001111101
000000001001111001
000000001001110101
000000001001110001
000000001001101101
000000001001101001
000000001001100101
000000001001100001
000000000110100000
000000000110100100
000000000110101000
000000000110101100
000000000110110000
000000000110110100
000000000110111000
000000000110111100
000000001000111101
000000001000111001
000000001000110101
000000001000110001
000000001000101101
000000001000101001
000000001000100101
000000001000100001
000000000111100000
000000000111100100
000000000111101000
000000000111101100
000000000111110000
000000000111110100
000000000111111000
000000000111111100
000000000111111101
000000000111111001
000000000111110101
000000000111110001
000000000111101101
000000000111101001
000000000111100101
000000000111100001
000000001000100000
000000001000100100
000000001000101000
000000001000101100
000000001000110000
000000001000110100
000000001000111000
000000001000111100
000000000110111101
000000000110111001
000000000110110101
000000000110110001
000000000110101101
000000000110101001
000000000110100101
000000000110100001
000000001001100000
000000001001100100
000000001001101000
000000001001101100
000000001001110000
000000001001110100
000000001001111000
000000001001111100
000000000101111101
000000000101111001
000000000101110101
000000000101110001
000000000101101101
000000000101101001
000000000101100101
000000000101100001
000000001010100000
000000001010100100
000000001010101000
000000001010101100
000000001010110000
000000001010110100
000000001010111000
000000001010111100
000000000100111101
000000000100111001
000000000100110101
000000000100110001
000000000100101101
000000000100101001
000000000100100101
000000000100100001
000000001011100000
000000001011100100
000000001011101000
000000001011101100
000000001011110000
000000001011110100
000000001011111000
000000001011111100
000000000011111101
000000000011111001
000000000011110101
000000000011110001
000000000011101101
000000000011101001
000000000011100101
000000000011100001
000000001100100000
000000001100100100
000000001100101000
000000001100101100
000000001100110000
000000001100110100
000000001100111000
000000001100111100
000000000010111101
000000000010111001
000000000010110101
000000000010110001
000000000010101101
000000000010101001
000000000010100101
000000000010100001
000000001101100000
000000001101100100
000000001101101000
000000001101101100
000000001101110000
000000001101110100
000000001101111000
000000001101111100
000000000001111101
000000000001111001
000000000001110101
000000000001110001
000000000001101101
000000000001101001
000000000001100101
000000000001100001
000000001110100000
000000001110100100
000000001110101000
000000001110101100
000000001110110000
000000001110110100
000000001110111000
000000001110111100
000000000000111101
000000000000111001
000000000000110101
000000000000110001
000000000000101101
000000000000101001
000000000000100101
000000000000100001
000000001111100000
000000001111100100
000000001111101000
000000001111101100
000000001111110000
000000001111110100
000000001111111000
000000001111111100
000000011111111101
000000011111111001
000000011111110101
000000011111110001
000000011111101101
000000011111101001
000000011111100101
000000011111100001
000000010000100000
000000010000100100
000000010000101000
000000010000101100
000000010000110000
000000010000110100
000000010000111000
000000010000111100
000000011110111101
000000011110111001
000000011110110101
000000011110110001
000000011110101101
000000011110101001
000000011110100101
000000011110100001
000000010001100000
000000010001100100
000000010001101000
000000010001101100
000000010001110000
000000010001110100
000000010001111000
000000010001111100
000000011101111101
000000011101111001
000000011101110101
000000011101110001
000000011101101101
000000011101101001
000000011101100101
000000011101100001
000000010010100000
000000010010100100
000000010010101000
000000010010101100
000000010010110000
000000010010110100
000000010010111000
000000010010111100
000000011100111101
000000011100111001
000000011100110101
000000011100110001
000000011100101101
000000011100101001
000000011100100101
000000011100100001
000000010011100000
000000010011100100
000000010011101000
000000010011101100
000000010011110000
000000010011110100
000000010011111000
000000010011111100
000000011011111101
000000011011111001
000000011011110101
000000011011110001
000000011011101101
000000011011101001
000000011011100101
000000011011100001
000000010100100000
000000010100100100
000000010100101000
000000010100101100
000000010100110000
000000010100110100
000000010100111000
000000010100111100
000000011010111101
000000011010111001
000000011010110101
000000011010110001
000000011010101101
000000011010101001
000000011010100101
000000011010100001
000000010101100000
000000010101100100
000000010101101000
000000010101101100
000000010101110000
000000010101110100
000000010101111000
000000010101111100
000000011001111101
000000011001111001
000000011001110101
000000011001110001
000000011001101101
000000011001101001
000000011001100101
000000011001100001
000000010110100000
000000010110100100
000000010110101000
000000010110101100
000000010110110000
000000010110110100
000000010110111000
000000010110111100
000000011000111101
000000011000111001
000000011000110101
000000011000110001
000000011000101101
000000011000101001
000000011000100101
000000011000100001
000000010111100000
000000010111100100
000000010111101000
000000010111101100
000000010111110000
000000010111110100
000000010111111000
000000010111111100
000000010111111101
000000010111111001
000000010111110101
000000010111110001
000000010111101101
000000010111101001
000000010111100101
000000010111100001
000000011000100000
000000011000100100
000000011000101000
000000011000101100
000000011000110000
000000011000110100
000000011000111000
000000011000111100
000000010110111101
000000010110111001
000000010110110101
000000010110110001
000000010110101101
000000010110101001
000000010110100101
000000010110100001
000000011001100000
000000011001100100
000000011001101000
000000011001101100
000000011001110000
000000011001110100
000000011001111000
000000011001111100
000000010101111101
000000010101111001
000000010101110101
000000010101110001
000000010101101101
000000010101101001
000000010101100101
000000010101100001
000000011010100000
000000011010100100
000000011010101000
000000011010101100
000000011010110000
000000011010110100
000000011010111000
000000011010111100
000000010100111101
000000010100111001
000000010100110101
000000010100110001
000000010100101101
000000010100101001
000000010100100101
000000010100100001
000000011011100000
000000011011100100
000000011011101000
000000011011101100
000000011011110000
000000011011110100
000000011011111000
000000011011111100
000000010011111101
000000010011111001
000000010011110101
000000010011110001
000000010011101101
000000010011101001
000000010011100101
000000010011100001
000000011100100000
000000011100100100
000000011100101000
000000011100101100
000000011100110000
000000011100110100
000000011100111000
000000011100111100
000000010010111101
000000010010111001
000000010010110101
000000010010110001
000000010010101101
000000010010101001
000000010010100101
000000010010100001
000000011101100000
000000011101100100
000000011101101000
000000011101101100
000000011101110000
000000011101110100
000000011101111000
000000011101111100
000000010001111101
000000010001111001
000000010001110101
000000010001110001
000000010001101101
000000010001101001
000000010001100101
000000010001100001
000000011110100000
000000011110100100
000000011110101000
000000011110101100
000000011110110000
000000011110110100
000000011110111000
000000011110111100
000000010000111101
000000010000111001
000000010000110101
000000010000110001
000000010000101101
000000010000101001
000000010000100101
000000010000100001
000000011111100000
000000011111100100
000000011111101000
000000011111101100
000000011111110000
000000011111110100
000000011111111000
000000011111111100
000000101111111101
000000101111111001
000000101111110101
000000101111110001
000000101111101101
000000101111101001
000000101111100101
000000101111100001
000000100000100000
000000100000100100
000000100000101000
000000100000101100
000000100000110000
000000100000110100
000000100000111000
000000100000111100
000000101110111101
000000101110111001
000000101110110101
000000101110110001
000000101110101101
000000101110101001
000000101110100101
000000101110100001
000000100001100000
000000100001100100
000000100001101000
000000100001101100
000000100001110000
000000100001110100
000000100001111000
000000100001111100
000000101101111101
000000101101111001
000000101101110101
000000101101110001
000000101101101101
000000101101101001
000000101101100101
000000101101100001
000000100010100000
000000100010100100
000000100010101000
000000100010101100
000000100010110000
000000100010110100
000000100010111000
000000100010111100
000000101100111101
000000101100111001
000000101100110101
000000101100110001
000000101100101101
000000101100101001
000000101100100101
000000101100100001
000000100011100000
000000100011100100
000000100011101000
000000100011101100
000000100011110000
000000100011110100
000000100011111000
000000100011111100
000000101011111101
000000101011111001
000000101011110101
000000101011110001
000000101011101101
000000101011101001
000000101011100101
000000101011100001
000000100100100000
000000100100100100
000000100100101000
000000100100101100
000000100100110000
000000100100110100
000000100100111000
000000100100111100
000000101010111101
000000101010111001
000000101010110101
000000101010110001
000000101010101101
000000101010101001
000000101010100101
000000101010100001
000000100101100000
000000100101100100
000000100101101000
000000100101101100
000000100101110000
000000100101110100
000000100101111000
000000100101111100
000000101001111101
000000101001111001
000000101001110101
000000101001110001
000000101001101101
000000101001101001
000000101001100101
000000101001100001
000000100110100000
000000100110100100
000000100110101000
000000100110101100
000000100110110000
000000100110110100
000000100110111000
000000100110111100
000000101000111101
000000101000111001
000000101000110101
000000101000110001
000000101000101101
000000101000101001
000000101000100101
000000101000100001
000000100111100000
000000100111100100
000000100111101000
000000100111101100
000000100111110000
000000100111110100
000000100111111000
000000100111111100
000000100111111101
000000100111111001
000000100111110101
000000100111110001
000000100111101101
000000100111101001
000000100111100101
000000100111100001
000000101000100000
000000101000100100
000000101000101000
000000101000101100
000000101000110000
000000101000110100
000000101000111000
000000101000111100
000000100110111101
000000100110111001
000000100110110101
000000100110110001
000000100110101101
000000100110101001
000000100110100101
000000100110100001
000000101001100000
000000101001100100
000000101001101000
000000101001101100
000000101001110000
000000101001110100
000000101001111000
000000101001111100
000000100101111101
000000100101111001
000000100101110101
000000100101110001
000000100101101101
000000100101101001
000000100101100101
000000100101100001
000000101010100000
000000101010100100
000000101010101000
000000101010101100
000000101010110000
000000101010110100
000000101010111000
000000101010111100
000000100100111101
000000100100111001
000000100100110101
000000100100110001
000000100100101101
000000100100101001
000000100100100101
000000100100100001
000000101011100000
000000101011100100
000000101011101000
000000101011101100
000000101011110000
000000101011110100
000000101011111000
000000101011111100
000000100011111101
000000100011111001
000000100011110101
000000100011110001
000000100011101101
000000100011101001
000000100011100101
000000100011100001
000000101100100000
000000101100100100
000000101100101000
000000101100101100
000000101100110000
000000101100110100
000000101100111000
000000101100111100
000000100010111101
000000100010111001
000000100010110101
000000100010110001
000000100010101101
000000100010101001
000000100010100101
000000100010100001
000000101101100000
000000101101100100
000000101101101000
000000101101101100
000000101101110000
000000101101110100
000000101101111000
000000101101111100
000000100001111101
000000100001111001
000000100001110101
000000100001110001
000000100001101101
000000100001101001
000000100001100101
000000100001100001
000000101110100000
000000101110100100
000000101110101000
000000101110101100
000000101110110000
000000101110110100
000000101110111000
000000101110111100
000000100000111101
000000100000111001
000000100000110101
000000100000110001
000000100000101101
000000100000101001
000000100000100101
000000100000100001
000000101111100000
000000101111100100
000000101111101000
000000101111101100
000000101111110000
000000101111110100
000000101111111000
000000101111111100
000000111111111101
000000111111111001
000000111111110101
000000111111110001
000000111111101101
000000111111101001
000000111111100101
000000111111100001
000000110000100000
000000110000100100
000000110000101000
000000110000101100
000000110000110000
000000110000110100
000000110000111000
000000110000111100
000000111110111101
000000111110111001
000000111110110101
000000111110110001
000000111110101101
000000111110101001
000000111110100101
000000111110100001
000000110001100000
000000110001100100
000000110001101000
000000110001101100
000000110001110000
000000110001110100
000000110001111000
000000110001111100
000000111101111101
000000111101111001
000000111101110101
000000111101110001
000000111101101101
000000111101101001
000000111101100101
000000111101100001
000000110010100000
000000110010100100
000000110010101000
000000110010101100
000000110010110000
000000110010110100
000000110010111000
000000110010111100
000000111100111101
000000111100111001
000000111100110101
000000111100110001
000000111100101101
000000111100101001
000000111100100101
000000111100100001
000000110011100000
000000110011100100
000000110011101000
000000110011101100
000000110011110000
000000110011110100
000000110011111000
000000110011111100
000000111011111101
000000111011111001
000000111011110101
000000111011110001
000000111011101101
000000111011101001
000000111011100101
000000111011100001
000000110100100000
000000110100100100
000000110100101000
000000110100101100
000000110100110000
000000110100110100
000000110100111000
000000110100111100
000000111010111101
000000111010111001
000000111010110101
000000111010110001
000000111010101101
000000111010101001
000000111010100101
000000111010100001
000000110101100000
000000110101100100
000000110101101000
000000110101101100
000000110101110000
000000110101110100
000000110101111000
000000110101111100
000000111001111101
000000111001111001
000000111001110101
000000111001110001
000000111001101101
000000111001101001
000000111001100101
000000111001100001
000000110110100000
000000110110100100
000000110110101000
000000110110101100
000000110110110000
000000110110110100
000000110110111000
000000110110111100
000000111000111101
000000111000111001
000000111000110101
000000111000110001
000000111000101101
000000111000101001
000000111000100101
000000111000100001
000000110111100000
000000110111100100
000000110111101000
000000110111101100
000000110111110000
000000110111110100
000000110111111000
000000110111111100
000000110111111101
000000110111111001
000000110111110101
000000110111110001
000000110111101101
000000110111101001
000000110111100101
000000110111100001
000000111000100000
000000111000100100
000000111000101000
000000111000101100
000000111000110000
000000111000110100
000000111000111000
000000111000111100
000000110110111101
000000110110111001
000000110110110101
000000110110110001
000000110110101101
000000110110101001
000000110110100101
000000110110100001
000000111001100000
000000111001100100
000000111001101000
000000111001101100
000000111001110000
000000111001110100
000000111001111000
000000111001111100
000000110101111101
000000110101111001
000000110101110101
000000110101110001
000000110101101101
000000110101101001
000000110101100101
000000110101100001
000000111010100000
000000111010100100
000000111010101000
000000111010101100
000000111010110000
000000111010110100
000000111010111000
000000111010111100
000000110100111101
000000110100111001
000000110100110101
000000110100110001
000000110100101101
000000110100101001
000000110100100101
000000110100100001
000000111011100000
000000111011100100
000000111011101000
000000111011101100
000000111011110000
000000111011110100
000000111011111000
000000111011111100
000000110011111101
000000110011111001
000000110011110101
000000110011110001
000000110011101101
000000110011101001
000000110011100101
000000110011100001
000000111100100000
000000111100100100
000000111100101000
000000111100101100
000000111100110000
000000111100110100
000000111100111000
000000111100111100
000000110010111101
000000110010111001
000000110010110101
000000110010110001
000000110010101101
000000110010101001
000000110010100101
000000110010100001
000000111101100000
000000111101100100
000000111101101000
000000111101101100
000000111101110000
000000111101110100
000000111101111000
000000111101111100
000000110001111101
000000110001111001
000000110001110101
000000110001110001
000000110001101101
000000110001101001
000000110001100101
000000110001100001
