Filename      PowOriginal PowHungryBlue PowHistEq DistPercOrig2HungryBlue  DistPercOrig2HistEq    PowSaveOrig2HungryBlue    PowSaveOrig2HistEq     hungryAmount
4.1.03.tiff   7.754409e+05   6.223134e+05   7.963483e+05   14.415260   19.296570   19.747157   -2.696191    31
4.1.04.tiff   6.539993e+05   5.457730e+05   6.074450e+05   14.056429   11.344698   16.548393   7.118403    25
4.1.06.tiff   8.993441e+05   7.556231e+05   7.661656e+05   13.320693   11.197861   15.980651   14.808398    25
4.1.08.tiff   9.326912e+05   8.058636e+05   6.348948e+05   13.727997   20.726696   13.598032   31.928725    28
4.2.01.tiff   2.361251e+06   2.136181e+06   1.616681e+06   14.369156   17.932294   9.531819   31.532877    19
4.2.02.tiff   5.984212e+06   5.011928e+06   3.773894e+06   14.652286   21.870749   16.247490   36.935833    43
4.2.03.tiff   2.857181e+06   2.473013e+06   2.136139e+06   13.850415   13.575062   13.445697   25.236130    22
4.2.04.tiff   2.714352e+06   2.370167e+06   1.787858e+06   14.832136   18.629336   12.680208   34.133145    25
4.2.05.tiff   5.497383e+06   4.289409e+06   3.329297e+06   13.886553   21.374570   21.973621   39.438513    40
4.2.07.tiff   2.098377e+06   1.911888e+06   1.699713e+06   14.479778   17.022054   8.887289   18.998686    19
shot1.png   2.137752e+06   1.576714e+06   1.520606e+08   14.094768   2353.858303   26.244300   -7013.106104    34
shot2.png   1.367996e+08   1.024512e+08   7.510519e+07   14.985956   22.212451   25.108549   45.098380    55
shot3.png   1.571891e+08   1.188099e+08   1.211761e+08   14.413798   16.129811   24.415968   22.910607    55
shot4.png   1.268180e+08   9.949845e+07   7.534863e+07   14.554754   20.584637   21.542314   40.585218    46
shot5.png   1.468902e+08   1.122395e+08   1.156020e+08   14.400344   15.443046   23.589518   21.300413    52
