Filename      PowOriginal PowHungryBlue PowHistEq DistPercOrig2HungryBlue  DistPercOrig2HistEq    PowSaveOrig2HungryBlue    PowSaveOrig2HistEq     hungryAmount
4.1.03.tiff   7.754409e+05   6.617254e+05   7.963483e+05   9.980807   19.296570   14.664623   -2.696191    22
4.1.04.tiff   6.539993e+05   5.815369e+05   6.074450e+05   8.731512   11.344698   11.079890   7.118403    16
4.1.06.tiff   8.993441e+05   7.871526e+05   7.661656e+05   9.892364   11.197861   12.474813   14.808398    19
4.1.08.tiff   9.326912e+05   8.427904e+05   6.348948e+05   8.932518   20.726696   9.638863   31.928725    19
4.2.01.tiff   2.361251e+06   2.203234e+06   1.616681e+06   9.458472   17.932294   6.692110   31.532877    13
4.2.02.tiff   5.984212e+06   5.303253e+06   3.773894e+06   9.247343   21.870749   11.379257   36.935833    28
4.2.03.tiff   2.857181e+06   2.569856e+06   2.136139e+06   9.826834   13.575062   10.056246   25.236130    16
4.2.04.tiff   2.714352e+06   2.483809e+06   1.787858e+06   9.140767   18.629336   8.493495   34.133145    16
4.2.05.tiff   5.497383e+06   4.605271e+06   3.329297e+06   9.489079   21.374570   16.227944   39.438513    28
4.2.07.tiff   2.098377e+06   1.966682e+06   1.699713e+06   9.824561   17.022054   6.276069   18.998686    13
shot1.png   2.137752e+06   1.707722e+06   1.520606e+08   9.942354   2353.858303   20.116015   -7013.106104    25
shot2.png   1.367996e+08   1.119741e+08   7.510519e+07   9.813004   22.212451   18.147375   45.098380    37
shot3.png   1.571891e+08   1.295198e+08   1.211761e+08   9.512205   16.129811   17.602555   22.910607    37
shot4.png   1.268180e+08   1.072762e+08   7.534863e+07   9.686255   20.584637   15.409312   40.585218    31
shot5.png   1.468902e+08   1.225935e+08   1.156020e+08   9.174818   15.443046   16.540740   21.300413    34
