Filename      PowOriginal PowHungryBlue PowHistEq DistPercOrig2HungryBlue  DistPercOrig2HistEq    PowSaveOrig2HungryBlue    PowSaveOrig2HistEq     hungryAmount
4.1.03.tiff   7.754409e+05   7.696905e+05   7.963483e+05   0.431138   19.296570   0.741559   -2.696191    1
4.1.04.tiff   6.539993e+05   6.491108e+05   6.074450e+05   0.521761   11.344698   0.747477   7.118403    1
4.1.06.tiff   8.993441e+05   8.929396e+05   7.661656e+05   0.490031   11.197861   0.712127   14.808398    1
4.1.08.tiff   9.326912e+05   9.275196e+05   6.348948e+05   0.439930   20.726696   0.554481   31.928725    1
4.2.01.tiff   2.361251e+06   2.348415e+06   1.616681e+06   0.680195   17.932294   0.543602   31.532877    1
4.2.02.tiff   5.984212e+06   5.956482e+06   3.773894e+06   0.313913   21.870749   0.463383   36.935833    1
4.2.03.tiff   2.857181e+06   2.837925e+06   2.136139e+06   0.575549   13.575062   0.673948   25.236130    1
4.2.04.tiff   2.714352e+06   2.698768e+06   1.787858e+06   0.540703   18.629336   0.574149   34.133145    1
4.2.05.tiff   5.497383e+06   5.461475e+06   3.329297e+06   0.322365   21.374570   0.653180   39.438513    1
4.2.07.tiff   2.098377e+06   2.087574e+06   1.699713e+06   0.746431   17.022054   0.514816   18.998686    1
shot1.png   2.137752e+06   2.118523e+06   1.520606e+08   0.368450   2353.858303   0.899519   -7013.106104    1
shot2.png   1.367996e+08   1.360268e+08   7.510519e+07   0.260530   22.212451   0.564899   45.098380    1
shot3.png   1.571891e+08   1.538015e+08   1.211761e+08   0.978511   16.129811   2.155099   22.910607    4
shot4.png   1.268180e+08   1.261063e+08   7.534863e+07   0.332638   20.584637   0.561219   40.585218    1
shot5.png   1.468902e+08   1.460795e+08   1.156020e+08   0.261103   15.443046   0.551959   21.300413    1
